-0.47248213181236653
0.06798425885861237
-0.05163075966395497
-0.03412730929063745
0.19270362422404208
0.29933896206768723
0.08183852971420974
0.3213783315708706
0.4743592048094458
-0.2868548543198447
-0.42780297039457504
0.381581064551084
0.15876567099673516
0.0554518691941574
-0.465569727778781
0.47474458015926685
-0.3425383566024153
-0.2305516584098687
0.42522114177536846
-0.4950162757439925
-0.24235827113564676
0.33783872464783216
0.16487869654294554
0.01586413335444951
0.22218117472169094
0.27740734411762147
0.2499960803809021
0.3420725116323733
-0.22116308619630906
0.20703057980870912
-0.45112101310413266
0.21998182620159296
-0.38045175804355597
-0.374688186955795
0.10385335077958799
0.40150447500153674
0.3372383475129409
-0.44464344452462484
-0.051017620891929245
0.19932586210974026
0.1800142811543318
-0.018667052120909317
0.4841758428433866
0.18543630933000504
-0.15964539836552016
-0.08520936946742003
-0.3709030019666647
0.23113236021157785
-0.27054437206028753
-0.15847003001374946
0.2522479740708493
0.10525823568600927
-0.4158967728629879
0.3877942423876886
-0.02602524936472638
0.45995772824174996
-0.42140839535091273
-0.3066069448396302
0.22052282794466055
-0.533593942852862
-0.8486816717187909
0.8958133308549815
1.5704075479965838
1.4738010371870418
-0.4926662734679092
2.1530388751036744
-0.6691053601548388
0.9792143674754938
1.3925965077404248
-0.7332025683115373
-0.0796992558694143
-0.07733837650253284
-0.7269261155251459
-0.6119350524032354
-0.6019690508323212
-0.3118514199460335
1.9357634134790476
-0.7193783860124641
1.0859451725457059
-1.3552425590958717
0.4268696379336743
-0.47598298685110035
0.7128216181470501
-1.4079755414386905
0.324567776651616
0.8391196840127283
-0.1434977288901992
0.3017372527486898
1.2228571702904782
0.3798519730935371
-0.42804381448686735
-0.5749995896325591
-0.00671975042797471
0.26045536931114954
-0.25817742869240057
-0.09947177033547952
-0.9615309048820767
-0.45059998594897777
0.7150529360342913
-0.3449383278383347
0.04025749361438027
-0.674451336575453
0.12008128679467435
-3.0690858466458777
0.48478636978725326
1.8201436235610269
0.4614839579395857
-0.1803346684732631
1.667786937394793
0.6923094112802984
0.10450094816627761
-0.20618561762021925
1.040187192953216
-0.06760694505978679
0.37421630557508645
0.2816524758551801
-4.499290594608278
-0.22245549993823602
1.6667099641948877
0.3615303684770765
0.3529868341928545
-0.8790848980491706
0.6410897332760647
-3.1178249925575363
0.4247394777285497
1.2628583817196835
0.078049245691956
-0.7163611813908943
1.5652011381556818
0.5852631513322919
0.028975170110045186
0.12488538648904621
0.3286950904530817
1.0007800351892715
0.05085164873394552
0.7753004881993779
-3.6848183551234306
0.6634102111563409
0.848575568508041
0.08311936285481561
-0.41839581063041076
0.07635375267944466
1.764562812178673
-0.5876952921041645
-0.5544448245594658
1.5815041279531161
0.18501616693341064
0.04908707226295316
1.3455672945838375
-0.047162378325068366
-0.1447641396045479
0.3139529134176314
-0.6686858583869651
-0.6929046039462119
-0.28324556716329097
0.06867078506346257
0.06004709879308063
0.1300439615688204
1.6974048390669443
-0.15190749113529198
-0.22475863401844495
-0.09811609046319854
1.8949330342138124
1.1407539325080618
-0.47766894136518606
1.394191289165691
-0.07610678095075692
0.8757635617123907
1.2145561777949334
-0.42617708293602824
-0.6740575912691659
-0.49142660025396184
-0.1185831495982284
-0.7690212790228259
-0.604988118741203
-0.4585184805506455
1.9256838183415492
-0.8075334739590205
1.1373940437078243
-0.3085853467861076
-0.8087037958531462
0.5233182130948946
2.7547373585738506
2.565420005282061
-0.4617453162199169
0.968937934730383
-0.29749395877544194
0.9639127377592726
1.817287129460183
-1.1597365355346134
0.226945987171917
-0.6317056990253543
-1.1342743275980602
-0.6897522703049956
-0.22931553052908424
-1.0459616858608345
3.9514934490107065
-0.5479767945797684
1.10404868813855
-1.365017047150426
-0.7648288621950283
0.5206820354314633
1.665008613904557
2.1509144428357625
-0.6619790044228268
1.1051576470137232
-0.3383298888453605
-0.1199096614202096
1.1068469590499683
-0.7816715393992409
-0.05590186598715859
0.10863041696892145
-0.2631986279619905
-0.6377269657494179
0.05308189324619967
-0.37587490433320286
2.1887906590160706
0.10633992035645565
0.8016596087317346
-1.1089555671763767
0.113806012769012
0.2413638607665322
0.8070753980969442
-0.3749448310918792
-0.09995299859946712
0.33931035745721694
-0.10985046410343746
0.16956150453109156
0.9252980953387281
0.13800075926484506
-0.20330659548627714
0.45853075957459843
0.23419847514961423
-0.13683392735034247
0.17053130397225755
-0.041394314881533896
-0.9162004254508226
0.0674162752537828
0.20001911344730391
-0.21576268572341914
0.2346791100392699
-0.5713332328969778
0.24797632095941316
-1.0122467842656844
0.5047793377437912
0.6146602491942209
0.03182921998398682
-0.3310552767767791
-0.03910859079794394
0.04838022631358664
-0.0590092263858188
0.4885412323906863
0.34136314627817965
0.4472373921696369
-0.10609045481170169
0.222602943688839
-1.289075295106362
0.27181666425814066
0.030085312195600927
-0.26281310213638853
0.20471414619500067
-0.20370214186574076
1.0440894122637656
-2.0678192412026166
0.013643690503498104
0.6597753650587552
0.4765096319230325
-0.24758212695428577
0.3666668647268632
0.2029377359261181
-0.06424503048108336
0.5243931408395283
0.5692314447255729
0.005944132054125424
0.4416408503285849
0.03999483854412981
-2.122164140679865
-0.001448357480049351
1.07554502656643
0.040556656008747055
-0.19856026175969815
-0.6080469158510026
0.3600825179605788
-2.315311565491191
-0.36112166347082386
0.3336733606159462
0.5013197932569997
-0.34312389322864983
0.5699513718942598
0.6281232719544274
-0.27842691804133046
0.4821895031494527
0.39438584759905837
0.9780131038848272
-0.1722045130656347
0.7352814720021189
-2.735390437809822
0.24455889763845937
0.6153880792054021
0.080543624429366
0.04430109760188468
-0.2240843958259615
0.40520495922674077
-0.6726957027285505
-0.10336878047373482
0.5113997725099929
-0.37424151150299534
0.18671639859825478
0.4880402679390366
0.14511407601317206
0.1960150201232993
-0.13600088128584326
0.139126948119703
-0.04100695042042249
0.019850515188944172
0.4038369213888901
-0.5343643836048027
0.348893435100217
0.7107590479394317
-0.0965155360349477
0.6603265690972099
0.2172715914037122
-0.8557667793050665
-0.3966325468017022
0.30573191900167745
-0.666713312551274
0.3339789493552136
-0.056407121248855496
-1.1467769636344478
0.18387434955851106
0.5553904528051619
0.5792176581634005
0.40113766249586597
0.22421930832793782
-0.11855555307067624
0.3248010644425095
-0.6599370712505571
-0.25206571848497733
-1.0100651261776314
-0.17345643175603964
0.1065690984832006
-0.4087099242004586
-0.4411589541894539
0.127226229015431
0.2859697630030845
-0.6046620309239503
-0.38416744090033605
0.304467606132464
-0.7023853586619083
0.2589022495987107
0.44540200368184496
-0.08665505535500005
-0.3351745874200117
-0.12227279421649934
-0.13105351080266575
-0.3945952950049558
0.11069091256178541
0.027910467176490376
-0.07555230511317092
0.2736587720703226
0.301241269821291
0.16425468784809624
-1.191941290619473
-0.4387230981418225
-0.13816900548371402
-0.6717086209984454
0.1808583498694119
0.06970090470075548
-0.312117672548326
0.363441105814906
0.08920695863783451
0.15548519052224558
0.2787214827808639
-0.4378300449519772
0.26881518654562786
0.06262460305165744
-0.5517912614505949
-0.08689876913854691
-1.2600962539685203
0.6018708335013246
0.11591821306211159
-0.2630971933202756
-0.6872196317661493
0.6580037228963858
-0.1832539899545801
-0.7859508294179404
0.1977282559571618
0.5076339970167729
-0.5884792142266877
-0.18342552830529416
0.2062957340658197
-0.4241007281297947
-0.19850441856655454
-0.18054436916983926
0.2341529250776788
-0.17013151879954558
1.0403407458203782
-0.3979820265343805
-0.3192040470079379
-0.8592654124433068
-0.8972199078079877
0.36599139442529793
0.9352662348964814
1.1236378553281632
-0.15478010845091988
-0.24624565254719785
-0.2914200283444526
0.2905869776314894
-0.024486337503886277
-0.6705056942468459
-0.18478750518654757
-0.538078266236431
-1.0948599586676833
-0.5234861193092413
-0.139799962001408
-0.9683281204958499
1.9637434207071653
-0.6767237420801316
0.584750931272225
-0.4566070329449104
0.17627232275617877
0.4981734906305522
0.05295283752378742
0.9682664156286716
0.28910448580314807
-0.6430003198367225
-0.4802889310200284
0.5597231492443455
-0.4029220243899549
-0.3710534780978886
0.22696297253207975
0.337517362179601
-0.27373671602793886
0.03045904900173724
-0.40653207853078127
-0.7309501807370544
1.31094370755463
-0.6228612230097582
0.12817001772715805
-0.328621620696861
-0.11710725308351996
0.1674644285455209
0.14284748858086704
-0.09567155653534289
-0.3455887737974695
-0.3744497186589535
-0.44657971499561744
-0.22594672723564152
0.20273931917028276
0.37048508912383954
0.304798444110532
0.429004802218065
0.1015132291284512
-0.2358202744956806
-0.2379528639303693
0.32162110301331376
0.32304353841436056
-0.09426359779106888
-0.033388878473600545
-0.03618900079568641
-0.2904812475427958
-0.03659862019713054
-0.3112758643764269
0.19111362154576636
-0.357395545259082
-0.0325069250460766
-0.05065141874236137
0.2130547514012621
-0.24851598400139518
-0.20780624773997947
-0.18547410249628893
-0.1548113280768161
0.5412473795893932
0.12108024612049843
0.2796951535761221
0.2865699847123629
0.08558714100610122
-0.2602975315335695
-0.23788809436253344
-0.6749024811767441
-0.05018897150867414
-0.057213131128615875
-0.013504057258151365
-0.4103153953329359
0.304661835466862
0.16883429297677974
0.2776486935015396
0.08126957547528671
-0.3040326305701783
0.00919300427256346
0.24783916141390788
-0.13704655011275718
-0.09952138274232361
-0.34837059287026606
-0.2377034882251546
0.3451240584493015
0.05002494441759431
-0.49752515625267024
0.08536239979172498
0.1856815670507452
0.07474761881872892
0.3720240714132308
-0.1993548632641407
0.6502799049668186
-0.2908327072541805
0.4276025545539445
-0.23463407442624212
-0.406117503051713
-0.16004848848455527
-0.5088554418326537
-0.4928721223998413
-0.36909384590560146
-0.0863317246631692
0.06962390539798483
0.3606525635649344
-0.13316613811640052
0.5500045360338115
0.2194893274696609
-0.2886112399997782
-0.18487813405856718
-0.0916707476293678
0.4220746836748284
0.9698862466175099
0.4142104922396351
-0.4469255598747834
0.30956321182787944
0.27126166053323464
-0.2589293133805058
1.0380353994239495
0.2907106621784848
-0.007399846222765911
0.30841479502167435
-0.19308496975264808
0.3115049880416864
0.05909625698217434
-0.5520037537199355
0.4795982342464004
-0.33199164436235556
0.6438663061762158
-0.015132202246503976
0.05518661475516174
0.08893898923532131
-0.32278768168457905
-0.10567561362815442
0.1274337554000674
-0.08737595005769344
-0.4776436956981503
-0.04991062619425109
-0.4181799070032261
-0.2865665974357329
-0.0841302871757775
0.4446796742153617
-0.26836429094629244
0.3596100306395611
0.1502612965426963
0.5254306350394203
0.38344357742678564
0.47788247842223336
-0.12422649011642763
-0.2976589907543153
0.43739310720648467
0.1993240828043448
0.05050056144241961
0.11023898118328936
-0.014987953083634485
-0.1061786805783116
-0.34528351452204575
-0.47723265971203
0.08664055588438374
0.06034195534137465
0.26994565249758157
-0.270494038677338
0.15301509305985989
0.40229464868471193
0.48065393842807985
0.40580347969429914
-0.36285490559332595
-0.01358547813286274
-0.5890296965767925
-0.1450123673726346
-0.20292839293090054
-0.20568918653613516
0.13406468711501945
-0.26411517650325983
0.2365859830990938
-0.2201463206854202
-0.34509069857798624
0.31968598553921895
-0.08498834911365033
-0.6033508748884189
0.4582236484956442
0.29870779804215314
-0.31121958557271145
-0.5661901231749016
-0.3012028563593517
-0.14045657948350657
0.5578033917283632
-0.02859943230957147
-0.2717103689973488
-0.5159332001618826
-0.10716569090331227
0.2264729080688562
-0.5557504622017373
0.06184173918655973
0.16495410899127902
-0.5925508608673975
-0.16042031225526915
0.006950406007678216
-0.6484676006639265
0.18288779999906296
0.23982320271479776
-0.4085368331323367
0.37797649062720784
0.09982414324946694
0.3996722669524024
-0.29729814773978697
0.15910371383542815
0.3991157610548367
-0.2801382490817277
-0.1040825884831616
-0.137983160736272
0.1908528103594485
0.6112547679011467
0.3205883013131143
-0.1309831233105934
0.504917066419717
0.17589488797524336
0.24897753915569495
0.649972074699844
0.15618835165085104
-0.08619760677796477
-0.46361734978177704
-0.42174860881361725
-0.35580096711760867
-0.31734363740137916
0.07051071796053865
0.7734715382020745
-0.2991242989361348
0.28277983559262254
-1.0043613798326323
-0.7286598775058486
0.024857234111941
1.41611397629043
0.6822829472673263
0.19690296850242903
0.9803074284658231
-0.5877403150756312
0.09082591920941833
1.375308255714762
-0.8174187976305336
-0.25952871899212965
-0.5972951286917196
-1.1265445132411216
-0.5746819487097728
0.254765322613704
-0.3591509509146097
1.036657674983978
-0.20220224993176308
1.209685719340539
-0.9383055029722481
-0.27112672720916603
0.05741777699117901
-0.41882817789635296
0.6125439995080252
-0.3117704309311691
-1.085815122763664
-0.4851789422861354
-0.3313548321458471
-0.907710057665183
-0.05817580505524391
0.1847291726208775
0.29181585388805475
0.03454598585323282
-0.006942280149821422
-0.43108177049397306
0.05657112445908371
0.993277201167243
-0.18749491152825573
-1.240152737748487
-0.6352198936703811
-0.25212940082454804
0.4037168388340066
-0.20138159518861107
1.4867419458229796
0.07948091389244373
0.029529302326522504
-0.17702151143044967
0.18658986986825746
-0.7359998643543977
-0.6529714141197918
0.35371191124942125
0.16916355641532219
-1.001884074716073
0.07541150206790481
-0.43984755402989206
-0.032698599192645304
1.7928660728183683
-0.17958838214355896
-0.6226286820501882
-0.7060137658318887
0.06705828078988574
0.34968898931679393
-1.1053438943087333
0.7478743504698236
0.03679529974942704
-0.4833257784681057
-0.5122505341370899
-0.7047145818554826
-1.190402702987068
0.31436824696971505
0.18563657955400414
-0.02066978042190313
-0.05123998411170082
0.13040883741255102
0.5221931691090326
-0.27191435070395126
0.891299793573154
-0.3912936004378959
-1.3716988877830694
0.2675387816006149
0.023508104411893833
-0.2186185922858302
-1.1637866209802514
1.7722541472669755
0.13656321830956533
-0.5081507699817956
-0.16894191949518705
-0.12080403332304726
-0.36710017726337985
0.09170598763419158
-0.16644912449822083
-0.12467018321465244
-0.6084064235272293
-0.3605719637510976
0.31423548202146007
-0.14462147986991195
1.342139037997502
-0.08391610160206399
-0.6400295540765769
-0.6125389875215123
0.2757998780697805
0.30187449407959505
-1.5153981018478349
1.0921140302639494
-0.04835558502128731
-1.0673962745971464
-0.31011749205788086
-0.8855392627591454
-1.0690648486524001
0.27365947475776986
0.1624225015495004
-0.3494149160980541
-0.2961045348503828
-0.1970605413993325
-0.36855728014994926
-0.17268538295004643
1.0656467864365855
-0.2980406110377778
-1.7101072657014504
-0.08916301882420516
-0.7255628531304099
0.3189350154145253
-0.12292384071533441
1.177383819170925
0.1921097420185115
-0.5083365454124401
-0.49792732910866516
-0.0882127882646016
-0.4071238452448879
-0.40181231976091086
0.05342824064412317
-0.12477220779920598
-0.7021874826963695
-0.28478176505032154
-0.2138260644986545
-0.5587235416634837
2.0246709796086124
-0.12855418383835088
-0.5042947252310326
-0.33400235240021925
0.04236547619202017
-0.20330027359375638
0.6732764907940554
1.6827896192748233
-0.048885624541302915
0.02108847074014811
-0.6104535541985228
-0.15160646664864974
0.9537537822054228
-0.045262924223316625
0.33870908504730723
-0.13623480235015553
-0.6444124777111307
-0.7453786476236466
-0.059747234232679136
-0.568446466888655
2.0719174232980473
-0.6753601326130768
0.18240978574326952
-1.0161463627548604
-0.02929678115163199
-0.1213442272588356
-0.8611308902578514
1.2520718773318398
-0.5715565305495397
-0.17504650256938528
0.11943001249684784
-0.27372625860453914
-0.5184514277874113
-0.06600763793974745
0.2645895981651111
0.2659833782587211
-0.5498071432308604
0.29948116150742193
0.436204823567554
0.1894281477429683
1.031148598877088
-0.03947233346647372
-0.2877276148691341
-0.1040010158174882
-0.19600807720609698
-0.485593004375761
-0.9434762776101108
0.5667234424893778
0.014382451746393177
-1.5219834528852394
-0.08084544977804789
-0.6231140830433708
-1.3524761182586638
0.0047623707450209
0.5055023505737289
0.4357960028917131
0.18057477566928845
0.5611731253456008
-0.07681098892269404
-0.11273005310357051
0.2613437292366207
-0.19277758394236907
-1.7107705305362981
0.24335425428954097
0.07491161739384604
0.22773831050078683
-1.4726872602580667
1.0163186356670233
0.404007762102064
-1.3022688545608359
-0.4176290926180688
-0.3847336266008113
-0.7553942899686692
-0.3445860126520851
-0.03793904693661827
0.31426090927917927
0.15788292148481892
0.25842025986290407
0.03982865307578986
0.45680437022777404
0.9436684970827431
0.27758270454527534
-1.271184914137725
0.3449421239925668
0.5021048455270439
-0.4783250679101696
-1.5985544536003296
0.10826349541898368
0.20523250774765414
-1.0223834667229292
0.14809571592384682
-0.6525824195714461
-1.3892418597163239
0.45390079983235077
0.54974452201833
-0.19819117976810008
0.4176775162794982
0.3382228875007355
0.23261094287601417
0.3646275778996403
-0.23173286298810028
-0.12686063526914312
-1.2020798463422973
-0.19274188319964447
-0.0908140417162724
-0.23023617652693648
-0.9592888848624498
0.13803435182286336
0.13326819173135387
-1.3050765955618255
0.09428811918577669
-0.3077468193606627
-0.7892622240618477
-0.2344417902197271
0.2845806573868963
-0.589773550257198
-0.16432820532508566
-0.11588237691923951
0.52447398555292
-0.21652839264942741
0.9883714966347212
0.4038067902135736
-0.7937444351134375
0.28845570192900327
-0.23603696781355732
0.3116279799740019
-0.605130580508024
0.18216619847884916
0.1344144219300505
-1.1541125642036465
0.30234937162534503
-0.5769555390155946
-0.8732068789164604
-0.3423457952624515
-0.03063114518689549
-0.19560250212600047
-0.1302391513215238
0.4389352678249462
-0.038042556482377164
0.11285634319801816
0.8748436864218538
-0.3822988916997597
-1.173669401832232
0.28270938571840615
0.12833117379765752
-0.3681576155762916
-0.9936065187890197
-0.6854526621859355
0.004185647137161562
-0.9414442831513913
0.0651153793148892
0.13302517298289218
-0.9073159308507814
0.3069285263412636
-0.06116535290197838
-0.19492458285792388
-0.15680477544377736
0.3787644513948468
0.32280383302374716
-0.29848723488068485
-0.6873834435549432
0.09787746517998745
-0.17801363251001934
0.28339182328870915
0.14962868168890775
-0.24234526298625547
-0.3288168330046343
0.6644149859186732
-0.22569933898206287
0.19079090902359624
-0.19150469075667387
0.30652102018557903
-0.2243328823855637
0.052233639232362655
0.356126003165159
-0.07793741926298614
0.08208534549502582
-0.6128137606295275
0.12381106271425182
0.41799863613832144
0.044040842437821644
0.33491341668586416
-0.02002694594279757
0.07449642819640838
-0.08807218157761142
0.3120659117356159
-0.30630749478094343
0.2588763314546727
0.11689105830788706
-0.24397480080114328
0.29357537769372655
-0.3138069963740409
-0.9007224058110107
0.2624319804611454
-0.03328863546799578
-0.5660447993485082
-0.3330635770750741
0.22005589789199867
-0.42412384709156015
0.05503604558554368
0.32453169240912855
0.26152570141035325
-0.8363813996909029
0.28404753388083254
-0.10971559754409539
-0.010643852163049812
-2.3589225625370833
-0.5951678408066323
-0.10271958365495362
-1.3648896083315696
0.4664710334792731
-1.1122442436235562
-1.900298934670916
0.4785568359658118
0.14702637419298079
-0.4719287291219793
0.7853127016292702
0.6718661748209734
0.559261382017525
0.025560182693936166
-1.0933320580195385
-0.10679389726398632
-0.8696020290873698
0.7717947079631224
-0.18581631258797865
-0.08959112113446217
-1.373342132563845
-0.5096875552251384
-0.43316318108395424
-0.9383532824052092
-0.36626032354008264
-0.6690482419293973
-1.4340341243991994
-0.2845932959687105
0.31897780087060235
-0.3445280184261357
0.010879406013613053
0.25282930028523315
0.19586697191063707
0.19125838729034866
-1.1457619636180827
-0.34180740274264537
-1.3109644850191717
0.6052379946972647
0.041073795720335204
0.01592712749583776
0.7072400160963319
-0.4210488871054605
-0.45756351527294986
-0.30116141407738795
0.2439057703749346
0.4375531049979859
-0.3151667647260374
0.2117868440710676
0.05085399461196422
-0.24574584440709993
-0.5809214892829379
0.042047502214445455
0.30644257512480927
-0.2097419358842192
0.23670076284150138
-0.2525851564009043
0.04905107786396031
-0.3568432930538704
-0.5053597632006495
-0.2503410234471478
1.5692075969033628
0.723003779356559
-0.19030880557377078
0.1427102088681536
-0.49449522124482787
0.06988939134615205
0.2906618468512496
-0.7792032001378569
-0.5278701264541843
-0.6082429952765909
-0.7092961923165766
-0.3484828119996147
-0.09708490013022246
-0.6531367704787683
0.62730821130014
-0.24584640234408722
0.3944182225065519
-0.06521262184570044
0.07570424398270308
-0.4200588169256616
0.3719653094724727
-0.3516856218838486
0.22749342811715784
-0.014051217439126478
0.11695797823387907
-0.21896379736379507
0.17100528184980646
0.12436404099882652
0.12157848700662208
0.34020746699697174
-0.13187135059650365
-0.07475008958329704
-0.3994431350731446
-0.5461317802627416
-0.32064982165613626
-0.49841645030573467
0.1405571649363771
-0.26569633191671116
0.06768063602169665
-0.10478070885283892
1.497871770458044
0.7221955313726738
-0.5002630156592491
0.8052449807619407
0.14751965835484065
0.7625617764724582
0.6921985171645947
-0.6411204180730891
0.06326478915623815
-0.01971157403553857
-0.3173532148593927
-0.14055259004657378
-0.2738275737612323
-0.4835108983475276
0.9841126070292655
-0.15601786454119657
0.6900082101764473
-0.3387099731179012
-0.310920309773715
-0.38629688397117207
0.6612602607074007
0.8211254262466081
-0.47421092065973536
0.4613987386160822
-0.11259005618262942
0.25411485844476034
0.4422358970890763
-0.06027113488402811
0.25558275015018816
0.15227364918996364
-0.09069361336965237
0.13253485984531643
0.2403466390836745
-0.10905518639273237
1.0364020554759443
-0.3549725325131888
-0.1772921918314665
-0.4858248466317324
0.30675009609401704
-0.16583840345240713
-0.5870035357189932
-0.6633174622391648
-0.07910188804776826
-1.1927670506705959
-0.1769759948444476
-0.5162437458813698
-1.0836560629296021
0.2526314313294964
-0.05411410281238824
-0.32915316495651
0.3110664770004863
0.19637697457409486
-0.06871270485587232
0.06380768539581563
-0.5513016289625854
-0.2279437582439367
-0.06666368648471786
0.5212023599372806
-0.5126013555448818
0.10150439957111773
0.6248824389785539
-0.15017856672629024
0.03862330664087406
-0.2635918797932325
0.09568416963617672
0.18028015845971718
0.13042413213618553
0.01972014352591883
-0.33690391508583006
0.14879067701143872
-0.04126571614338246
0.12878989022370757
-0.15906007115148632
-0.5019411924618405
0.05848734130975478
-0.33840489764634496
-0.02911940557425212
0.22010278674007397
-0.03340583275236704
-0.1735917328715806
-0.9964957158607212
-0.9576606060868001
0.04720985292930281
-0.9473410797152886
0.6029373565929808
0.020754935111337844
-1.1643063906366071
0.15518912579464497
0.5404129512427451
0.45306657882739887
-0.12104802900552249
-0.03414200786364215
0.08137203910941544
0.20953530033978107
-0.3768843695966823
0.48602075061161376
-1.0306264494353194
0.6072869061983196
-0.027064827313130244
0.3973794715937744
0.025556450537694793
-0.3592486310989394
0.33458331994003276
0.5879895790082384
-0.1295087466406911
0.2670853838649005
0.6395366242666765
-0.18367532590344873
-0.18326894111826825
0.3015671930105837
0.3845867035726694
-0.07996717355682677
0.31226208456791893
0.5004025099512314
-0.2594059180276454
0.1825491772483032
0.17417779095111388
-0.08881442060403284
0.07788479129446076
-0.15422210459500613
0.10296090975619983
-0.5107470986944542
-0.4675938063738916
0.5339847920938332
-0.4630889867361681
-0.23651493095761628
0.4546988719219814
0.22893810517588684
-0.05387641439062476
-0.5325051423321833
0.23636784861492632
-0.3714475036890667
0.3477394559160468
0.29481880914655323
-0.13739295586678985
-0.5063707185830638
0.2032015444697868
-0.3219437793896075
-0.022246092829692952
-0.4041046874533458
-1.5755612269899648
-2.1841797012386412
0.31666556662249773
-0.8158960437510909
0.1792193377258274
-0.9502968892549493
-1.5774448975811743
0.8805072988271225
0.21098231211873236
0.2573595795400219
0.531544818172126
0.47914224806133604
0.46444700298359237
-0.059210005255718526
-2.397768287098808
-0.02219308675898533
-0.8098928291832147
0.9176601989692289
0.6979942841561668
-0.22149814651143357
-1.803237641610613
-1.9410245930629342
0.4632406880663909
-0.6080531692495242
0.5707035337879306
-0.5213955259469658
-0.8643387753526667
0.7273056192304294
0.4574584944540754
0.43110532558964565
0.30924195215213957
0.7658670636715746
0.09907392316064312
0.4144687390919673
-2.700087168796003
0.03738066336579245
-0.5122762414070664
0.356867325393942
-0.14260616078064992
-0.3570992277504848
-1.627142320725775
-1.1966373486455484
0.20834011509605538
-0.9972520182912281
0.16155845896117518
-0.23367621686864765
-0.675445394861807
-0.15125614634834075
0.08838009774060564
-0.12268524060480189
0.837936616599497
0.7502980482693533
0.46075152296618144
-0.12331223664887649
-2.577872490719161
0.09017956791122032
0.130919422677821
0.6331330963728287
0.5598355627864925
-0.3572141870729083
-1.3643799896265665
-1.8525096043188036
-0.4339351833352727
-0.9951352198321808
0.42093843273606274
-0.6883005553401519
-0.42803752611096907
-0.14724152807592011
0.3227793364146034
-0.4055037494010622
1.0097903221941154
0.21416944470016835
-0.07714815846709108
0.19757671546169547
-3.4522167969603026
0.27119173719996625
-0.24610025506837668
0.2902472386144015
-0.012311087943741503
-0.5793371734573558
-0.6553789402238289
-1.4215759707967264
-0.09919791116652749
-0.47091573088774263
0.4150153974516244
-0.49654263213695266
-0.19416338839255282
0.27789507009558884
-0.226679076900205
0.0049808457574425195
0.8836057021984538
0.19489944781348092
-0.2274524314661382
-0.27875278650334145
-2.5767126809343286
0.5277575822464298
0.10486845308484334
0.1473891698066117
0.013056500538731924
-0.8572707401277938
-0.8071789930779792
-2.333776801602077
-0.4749604013324744
-0.7259979211778015
0.23129853340425124
-0.44672724559786203
-0.8060127692003615
0.7678444880774501
0.08492966350440315
0.15001960148870574
0.4640961067815702
0.7391043709970876
-0.3507277437608271
0.04919730287157058
-2.5943622547249796
0.44953113130729483
-0.48083527206487897
0.345465814396842
0.2068108698003701
-0.09101723642682714
0.03129906262122494
-1.2563997460738674
-0.04176903322364778
-0.04510311761431967
0.35110800350699484
-0.3008731346437107
0.5537944150475088
-0.2008824655282241
0.18224793774393003
-0.13890490675847061
0.4118474762247601
-0.022461083219242933
0.21360794310434833
-0.5665189702867375
-0.9666827233230407
0.1907768801347971
0.5216938696335072
0.2821103075538279
-0.22058414097130302
0.16564891126842304
0.07054968319532746
-1.2253316465006794
0.4068582282035148
-0.6271823667039345
-0.45070600424743806
0.06687599298322151
-0.30438802554638766
0.4272565992997215
-0.2238687177278902
0.06365036034686863
0.08296380087009757
0.44374889035155274
-0.24880323516073852
0.49000332605970703
-1.5587985205186228
0.41141388915292193
-0.4500643287326965
0.34210979092819005
-0.3354258807823576
-0.5988890641491089
-0.2320678183795141
-0.824649088510589
0.13076721940296313
-0.15034485063511197
-0.30608044292772696
0.02110449045777305
0.09835723572967776
0.10181510388294542
0.2679312582626914
-0.3878212879631757
-0.5165507972047984
0.45354096168216324
0.3087187242633875
-0.27377206558911343
-1.5348390200948556
0.12547035277585744
0.33454349689267904
-0.4069667871438568
0.596701613004281
-0.08937243374310763
-0.641871288800862
-2.1129753979449264
-0.2005541531935994
-0.3236563500941448
0.06841254010084499
-0.05437404715071635
-0.6916948451761534
-0.25906873193537877
0.21161932561187816
-0.2837909680333874
0.19953500585719908
0.782729840959459
-0.24612578833914883
-0.020727532648328283
-2.3644992118796098
0.5830194433226248
0.39814356995136546
0.5783931166585695
-0.6419692608901397
-0.2558324396336814
0.5855452086773901
-0.25447803411180825
-0.3095296231826389
0.14510125630378784
0.19216966602233412
0.3631913372336204
0.7181383729947535
0.11263396181892991
0.10943590022207901
0.09122730374492215
-0.5421693961972779
-0.19729822783506412
-0.17058098704958619
0.11829945504259888
-0.3649147697147024
-0.16497917784481597
0.8800418709402767
-0.24875875910633924
-0.35072915443794067
0.10161720347285301
-0.4780382526257686
0.08836123814607527
-0.4758805635674272
0.2480039575328722
-0.04701361728907684
-0.015755340668687418
-0.29034639891308317
-0.09412132511762356
0.4403706204023274
0.16938115183733074
-0.4168450116369459
0.16124273806413392
0.1861554379512423
0.04888432353232426
-0.5631645742486132
0.24321132120470013
0.28443015806657335
-0.3741445676194207
0.08649142011183848
0.33332167126099616
0.4856420750659633
0.9352994397956035
-0.6016898069960382
1.0444749326036007
-0.7177280141542717
0.4001363743890021
1.0156850403179096
-0.6821613909034348
0.3071932608379857
-0.01045515635907186
-0.2416365310582707
-0.3466420837141483
0.24863036170645383
-0.35898894532580833
0.511846815867134
-0.326424290985108
0.03360297864689954
-0.06648624158280492
0.009737584532577875
0.06320374057931617
0.3737286855989398
-0.26443440529489515
0.11951735984484754
0.26034605325055693
0.10708450118506038
0.404652392027007
0.6242342989338203
-0.684333235140433
-0.12570616183284208
-0.380863472113469
0.08965314857059503
-0.10710890283859541
0.23200421065465107
-0.3127490985976683
0.18130713728246448
0.07628041986787817
0.3388595024206706
-0.231275143064549
0.10386970804387857
-0.5311482669814815
-0.45938270021242
0.600079152253103
0.34902086108786107
-0.24037388751934938
-0.3876443127851614
-0.1269679541357473
-0.1449365829469604
-0.3919574448150364
-0.011793589668471837
-0.01842710301231714
0.4562792698365598
-0.4624882059495484
0.28380575660831514
0.2872964067713295
-0.11179541918108862
-0.5477775998985716
0.0888090039415147
0.20476865321008084
-0.0670396896767499
-0.4971263376075944
-0.026203375726880102
0.22757913999949383
0.09115132720708743
0.5834522796907334
0.5070470126440664
-0.18055987913742383
-0.2254769604705006
-0.17711952614825632
0.216004677196909
0.4527093682001897
-0.17494355087381563
0.06226774403467264
0.14122226437006388
-0.20300954533722337
0.681886777122224
-0.24300138232850543
-0.03582658548693328
0.10654269977587393
0.34717154615493184
-0.0905650025000761
-1.2605046705457117
0.7036248578037801
-0.22880913969925248
-0.14467359697973753
0.09726514179136297
-0.8403927080658435
-0.9206929687374494
0.15341697009108185
-0.3347864334095561
-0.1358348452575317
0.05693750673214504
0.33305282085612087
0.15482851089461744
0.6354701308623554
1.3272646888095674
0.5038572788032653
-1.3584355888143818
0.5334894681767175
-0.06723056168712943
0.3140605913819814
-1.7929851814704079
0.9763023238335331
0.49886679511386695
-1.767456407001608
0.2297777335945903
-0.7693995670717989
-1.22004453994688
0.25793415527058067
0.23170366103615025
0.02888991265732379
-0.07051317235077631
0.4735452733462277
0.2300020720784865
-0.2711079295274231
1.1330574549915065
-0.23156904940572526
-1.9941088731751544
0.876681976526034
0.2506744953200524
0.09964061060809189
0.461878915911065
1.6825934322439982
-0.6213312099661694
-0.16353143660558975
0.34557176652746524
0.2928623384979399
-0.25510100650503537
-0.7101829092832175
-0.529381332746634
0.31721695792869425
0.040528027701963086
0.1788962644225244
-0.22505475413860895
0.22931218641874587
2.2067193141607904
0.2416118152832486
-0.6811180267176541
0.21518965994470465
-0.35565080814374045
0.01362467954673616
-0.018920564891372352
0.5845314270881499
-0.1673142680550102
-0.07430582554977355
-0.40663076754372957
-0.09493358077932752
-0.04914779723441797
0.2037910345304964
0.06853264862588067
-0.39663442313833697
0.28441687216536765
0.07415271837957746
0.09464314953148398
0.19521935222504072
0.34944797364217756
-0.2430767142653598
-0.6882418993535555
0.3184053366195742
0.25758952730751333
-0.0931907951626109
0.7686934924643773
-1.1309917627081236
0.2685495898892934
0.29506109895312066
0.5694060508503056
-0.3083529518271368
-0.4590090555830934
0.5830953181089352
0.4574644697857748
0.4099273043481666
0.3730785814385554
-0.07738719812213056
0.5533043505138119
0.06731180049143733
-1.1681913898492464
0.7090204358598594
-0.5122693482452443
1.1076810143351445
0.3592731643071066
-0.5088703146617817
-0.6607953774835923
-1.5764208099260124
0.2495105421556793
0.13098388869433888
0.7075698590144897
-0.46775073659277633
-0.28936994427692486
0.042019930053221195
-0.06594659257019787
-0.10690571358310069
1.0535821668811962
0.39044628152056
0.40647771554748613
0.8452817016868953
-2.8700133498794824
0.25949190947548273
-0.8113036664579355
1.1886435695231758
0.360456780750078
-0.8772177366451309
-1.6031954190314228
-1.6318427363508168
0.19357228503892301
-0.8784490143712235
0.5868877534329973
-1.0656812383644627
-0.5688982955340118
0.3150967376660213
0.06074960170493934
0.37283498651781005
0.6027661317215043
0.22876506921046003
0.09139891510287869
0.4698010261609778
-2.46623808355995
0.7068833876288299
-1.1307374264999135
0.7687714651693481
-0.11651044558840849
-0.13131876354822575
-0.32748162871797704
-0.8248606524392502
0.16192038007643894
0.19587434483248795
-0.15816665192395157
0.017130259456478843
-0.12835518055591838
0.18958427701935282
-0.379255114578318
0.2499222318998674
0.7122133331400744
0.2459708864963026
-0.03514247833790153
-0.16023907708808574
-2.18854479723424
-0.028830550896954014
-0.5664323378778242
0.2988921708117633
0.4967991762989667
0.23681255606212953
0.14466721700251742
-0.6749442681423026
0.001666954465604258
-0.11127006980847402
0.5714018581650645
-0.09995575357908937
-0.019200608641570447
-0.16349548398720642
-0.15771420900890087
0.024294193044000875
0.5663326961325127
-0.04878142447351888
0.34204811507816624
-0.1717727410377064
-0.9346939837558357
0.5128665487155974
0.2646230093375849
0.451675108010947
-0.38473969691497073
-0.03400982867839607
-0.144986599245645
-0.2926238970175968
-0.36566139254515434
-0.19595127354902828
-0.25499915894177166
0.1375905930098025
0.21394351070304451
-0.3379340601849707
-0.17656477726678343
-0.07434867893907941
0.43592597521426896
-0.05362204935609176
0.27757868098874156
0.611741258652858
-0.5966792254484528
0.5577166770704258
0.29497923946336846
-0.2770347231530924
0.3088231910544922
0.1972511863366696
0.07461579032016818
-0.9525192716798677
-0.11962472331928725
-0.12113193597566875
-0.2584490915348506
-0.6524620653827791
0.461325329431672
-0.25878868935492894
-0.2881123580934674
0.03147431702105992
0.26231069354543973
0.34960860097668195
0.4777658412801937
0.5495382052127981
-0.7855147022418365
0.2159761286164908
-0.05579031691417826
0.2989744596881241
0.09669569048959445
0.31949417029765736
0.8926102480391568
-0.08959809197491872
-0.22015736888588167
0.812940437806685
-0.39668207199196887
0.546025542531043
0.6057708825618888
-0.4945522535790652
0.14037111194958846
0.17541493107891154
0.20851714903276453
0.17655936340375303
-0.5421116491850257
0.08920664778288738
0.923602800283146
0.345393344718306
0.19362542739085345
-0.41316595698468794
0.05431916238235629
0.5712813587804361
1.664877346542594
0.8504727602432716
-0.10627264117253586
0.6751117260084288
0.03588875253899314
0.08984776021145517
0.7384009968943129
-0.43630204042077225
-0.14442113224606
-0.4101445833521581
-0.26389047032761975
-0.5864353417878334
0.06045975980412167
-0.38190500722440496
0.9108445141336601
0.04688055144865716
0.4185905555897709
0.123805115665021
-0.764761888582391
0.6762764036565427
1.9008868229191063
2.2114152424661557
-0.04050357214096159
1.4646236226832714
-0.1887397813085282
0.5582778031247968
1.5297226433152824
-0.41157213605224646
-0.21570577858872766
0.28593774528746585
-1.024338137965743
-0.44565069597933
-0.6569167147547977
-0.5604947255650948
2.693013858486101
-0.542964378726736
0.8901250196937033
-0.9728736610122447
-0.5433505357949421
0.5705348184647224
3.148845942490304
2.3442728924746565
0.03162170263697037
2.138240887176534
-0.8736120309338195
1.145618924396109
2.484243668481085
-0.7262693748561349
-0.5927836953298877
-0.11416525598856397
-1.2283014765088283
-1.1841881274979196
-0.07958091132716805
0.09148351321910744
3.5478288489933636
-0.9508898342894712
2.00087604342152
-1.4683955358607481
0.012366445061235555
0.11352889257287033
1.8384768237204958
0.6201832505560245
-0.1293509778908908
1.697606254993562
-0.10630213092633378
0.7742391241001177
2.0979548064994034
-0.8147885997124695
-0.5598595308999109
-0.3991066718598446
-0.03495618867217173
-0.3845679883353112
-0.1265588338908973
0.08006132035550981
-0.028482886572348303
-0.17907167416881156
2.007778848276025
-0.9549599206646474
-0.1968490500077392
-0.28386562525438847
1.7063361733129732
-0.023422008693407406
0.22775855614529558
1.3741194649507684
0.1351195752416496
0.5268347431605365
1.6202406672847245
-0.6011890634339575
-0.3853125738209686
0.12612622843290353
-0.23273020147046594
-0.41736405069465615
-0.03493744253699536
-0.6509677851791923
-0.042223803028872284
0.08595882517009124
1.0551517841072222
-0.16314524831187044
0.5097035626585484
-0.4694685803235956
-1.5339631836583025
-2.0616682485111903
-0.0040902719900446655
-0.6487105534396239
0.3240250860674933
-0.3778026761840511
-0.6523496288344923
-0.033705757665179546
0.14473507407372593
-0.25564767147872913
0.0296008727738939
0.14544417350062705
-0.36696542588052383
-0.4375767889006227
-2.152954924513647
0.0753898570420819
-0.7209863873270035
0.5093260186513141
0.4346989567411114
-0.1197633717856587
-1.6061099466786828
-1.2748648457477945
0.3428101488955553
-0.8568774703311338
0.5376095499953565
-1.0439944967444923
-1.1736303745711327
0.6779910574853324
0.559392791650462
0.37198344860069643
0.15230337861790338
0.6835666163772015
-0.44621664555859547
-0.37788772368969703
-1.2899755792614973
0.5424543764697751
-1.2314626539154316
0.579314903274931
0.2718076222959749
-0.7764755900750852
-1.9549283676915048
-2.4095191335134527
-0.11402704371906792
-1.1572867269701608
0.4478299074404401
-1.0572595093330417
-1.4482267154861397
0.7297630691291486
0.4015152386513759
0.6896791760277936
1.1732000770560949
0.728536969170741
0.5960681586142463
0.7760416555652092
-3.230137516321886
0.796115149158208
-1.19129741442819
0.7028366506193474
0.3836464819425809
-0.3253791092455981
-0.38985175681349377
0.33802265444526286
0.34816960379365164
-0.21475779327175717
-0.24715613962039085
0.26492997759904025
-0.2471566787602366
0.39233213811723605
-0.3705170491173029
-0.02475528264444682
0.4082795595320748
-0.11559615762967775
-0.09694399149230212
-0.05194431957611014
-0.3741840385140383
0.11692294675097405
-0.2854619189499614
0.35921936261555076
-0.3679525320108068
0.48896558137902246
0.2533916240648866
0.24140952117700015
-0.1613748378566986
0.4893846281028015
0.3958528193797455
-0.3343118391941247
0.3022862451270209
-0.13393866451362624
-0.23088835023722665
0.18354562817772946
0.40462054404600123
-0.26339758914059963
-0.36029929568841845
-0.3723478001973506
-0.072795952742289
0.06799669828041138
0.15663125419147733
0.08275831925405741
-0.45047258299594267
-0.13192262043437125
0.38274038813420397
0.08314192752073357
0.10087410209283487
0.1762503630822616
-0.4050363502904916
-0.20217626177347653
-0.11023184528362978
0.17348656170095167
-0.22409536203666042
0.41975260484869314
-0.09630124881106161
-0.022889390652085617
0.31437446121554735
0.0345299114512147
-0.32216720397238574
0.0808327635935831
0.37517244613579853
-0.26111113931304
