-0.07030089816283164
-0.0776101464063263
-0.3785749166182195
0.1965460620515413
-0.21391888929261732
0.39913744335552553
0.3057970069407844
0.4842860273493231
-0.28600822843231494
0.1843938754407377
-0.007560641991203709
-0.21469336149514634
-0.34185040576763803
0.4763276466055778
-0.33368238686045554
0.44027790780683956
-0.2616322108479412
0.18685847789339627
-0.02502780957389561
0.3574274324580361
0.34655445078477604
0.05280460639420863
-0.29570979792320407
-0.4237403215054991
0.14708542122479604
0.1889525403425622
-0.4395224696921448
0.06511265036068034
0.4057433420470403
-0.3842760562859491
-0.31733537745166296
0.39927603355363317
-0.36264224027828035
0.1286684063773912
-0.26116172775628227
0.24987851915694995
0.45000111640562196
0.3301703349460783
-0.23589021059473522
-0.3112175679826634
0.3862218287526898
-0.28934155436623454
-0.46218605134435636
0.3598945622681207
-0.48330799503026545
0.06653849649070791
0.23978089186893342
0.5891616256009556
0.25525817228269226
-0.01794207239201857
-0.48838199576387786
-0.012574233216348908
0.17220434008942942
-0.2100492006134806
-0.22829303207360782
-0.4615263508036055
0.1918239229066068
0.08205433319784695
-0.30087846796983925
0.34340823831450407
-0.41503732211195277
0.9345619900266243
-1.2780900873436978
2.1083130893427646
0.421043816551738
2.360265518505269
-0.746578579209724
2.9080706651206207
1.9692197276654182
-0.3335431538082423
-0.12364618833666062
-0.7302289187677432
-0.29629041979070353
0.828916775942284
-0.7235384705350932
-0.06993177630749271
1.1178661009732596
0.1001136423611501
-0.09219321039539001
-1.00044036786355
-0.2903789003359335
1.029295149926006
-0.10534679787643428
1.289035353483428
0.28915017062595816
0.9872309360285217
-0.020382202568381566
0.23502774650460892
0.6362468005131432
-0.026430565332605106
0.1165876892874286
0.3076061717502157
-0.3861952473410666
0.3941111245646256
-1.4662196219623995
-0.1306894601797985
-0.9678103297114007
0.164444742227167
0.18028822346586992
-0.5479395263445209
-0.3299802394553236
1.47619270990207
0.5656806535147204
0.2606486857764471
0.25244131623640054
-0.16885320880839746
0.5925964625024278
-0.9591853705504011
-1.1071808862283412
-0.4088600469698224
0.4831339079237868
0.6614976315058274
-0.2184829003657425
0.7639798482693817
-1.5421134596642263
-0.1822310960611299
-3.0122030328426663
0.26773575697941526
-0.20118048637323058
-0.20256227074673314
0.25861209900296345
1.1627029264087994
1.1335698523246907
-0.35612176231685844
0.4183545754174292
-0.3210949871200329
0.5767960365153203
-2.1114080361827647
-1.4010180490474584
0.23952567389785728
-0.28866035080435076
0.18985875268408406
-0.10516639133621683
0.331018829003545
-1.2280297363844288
-0.5043267129690674
-2.3569435891585804
-0.06633399564500814
0.13896540168717508
-0.048783951617824235
-0.1641155945054075
0.8226616472604862
-0.6956120939769185
1.0918771641999547
-0.46097815508242174
0.9953927413107085
-0.6412734770052608
-0.04826028780172142
-0.17287692945764555
-0.20033168680275978
0.35083574551973146
-0.133703099911543
-0.11472205301542591
0.7793138510570479
-1.1287696542697587
0.3611287757771209
-0.4903357600654303
0.04723706771020608
-0.007172058704094592
-0.4211906020891127
0.21572411622311488
0.4878513530078926
0.07272496406660024
1.031180253285417
-0.02995459915788359
0.465879871797298
-0.3262898223243227
1.3012689666732997
1.0126165533196765
0.34053596523979196
-0.4016491735599113
-0.43618636125760907
-0.4168558460255795
0.2049162549795963
-0.3511989970821938
-0.025659697471551803
1.0252173826664703
-0.18156649157670962
-0.06853327247402226
-0.05644987187558582
0.055696445196377065
0.8086035804012631
-1.3146408747865859
2.06167129224576
0.3640735803056445
1.926731702928095
-0.602746354298288
3.697030915724458
2.849130540335177
-0.040515065771322814
0.0762371383003503
-1.562516629912506
-0.3919559635239411
0.49114301884257344
-1.167265280835119
0.5817480882342485
3.031635224287765
-0.4789306275260731
0.3783662103889251
-0.43184554215891424
0.12786632744118565
0.8402328327838559
-1.3597024765885728
1.340642464528414
-0.02481045167006999
0.8925858288272623
-0.05188458541030111
2.341768651868285
1.4154888769929685
0.322476441294326
0.05713469311506845
-0.869164981314536
-0.7823290319162287
0.6457301201799058
-0.809376463516119
-0.3698723489061925
1.9889747518058594
-0.2911353117311591
-0.1421013043276385
-0.030355128384566304
-0.09181903055198533
0.7508473732802753
-0.1199260078302241
0.40226546263732715
-0.33114676818583194
0.10354660176833502
-0.07534593130889847
0.9286242984332662
0.36893376307815784
-0.27165754741187437
0.22939357307692865
-0.44646817490702745
0.16525331276690522
0.41258300607171955
-0.7075884371044218
-0.10800820842664151
0.7141632134365286
0.4066869352874809
0.2603253301963483
0.07269470006216625
-0.41183889224640224
0.6491347429827701
0.2889194069847433
-0.2828566891543402
-0.3342611779919864
-0.022249270189019107
0.29453834127853956
-0.5809865336345513
-0.5714453266241333
0.11707453409623106
-0.10262573636479347
-0.11578040639979634
-0.004275606122825633
0.1353557984680274
-0.7006318536482463
-0.2810810745611282
-0.8380408779245976
0.08500338149448593
-0.346464402893163
-0.4140962009131257
0.29561212932712777
0.7758892022394527
0.5524147618464338
-1.0274729692813847
-0.03764307612771458
-0.9712005233954063
0.6467642166881917
-1.0784952326333341
-1.1834639272750882
-0.040512904794500135
-0.15636010807283204
0.23950645662622988
0.7232862338000247
0.015251080713656046
-0.46347193821289384
0.057092585694576675
-1.9090776973202128
0.1129618273486974
0.4015730949063983
0.6169839486461054
0.3275680505596264
0.8888960497713558
0.5434412888512844
-0.6905856824442654
0.11878502536801988
-0.43408968517795254
0.3134849495507874
-1.1925008973226852
-1.2515302351345896
0.5786258200013482
0.3860547139081782
0.5145904952820941
0.7007109545385535
0.8050294725825973
-0.37797815970521215
0.50026946996806
-1.979078747100582
0.6218456033069988
-0.1160011895066449
0.022146123881651873
0.4405423930026633
0.6209424680879961
-0.19881761002475584
-0.12424667940412087
-0.09440407277110412
-0.2535430784612436
0.5042381982161493
-0.57976725794185
-0.21494781720757425
0.4587838277199482
0.2839331227782119
0.45642196203366253
0.1663205928739136
-0.08376981942327139
-0.11069178334794959
0.3699027109258004
-0.8399424065945035
-0.032291502579318426
0.5845812022738994
0.27900261338733545
0.4450482751205559
-0.48760098678604136
0.3759678110476935
-0.08539434916432731
-0.5011235409436556
-0.24191988873766068
-0.38802448501083087
-0.910162053677554
0.07777940047018085
-0.18396022444583174
0.2155162890272109
-0.3239101829060126
-0.2508963273745735
-0.7392015351308134
0.0724520017086687
-0.09477224697249745
0.06451565110000221
0.0830839142871364
-0.5841169062187553
-0.2967362077880456
0.20701404851148672
-0.6283165749631668
-0.36070805285037305
0.3262062960873856
-0.26672712833223355
0.8655778649997914
-0.06954094262277193
0.7058201252132387
0.9824609936137791
-0.3283630968146996
-0.12462349298236985
-0.048898997882161684
-0.7204355822692058
0.384282079276526
-0.3798301492702857
-0.11758627627634302
0.006875862874284163
-0.0890667884866453
0.17929361699875468
-0.4355405688383105
-0.1604281025385168
-0.8772860429404842
-0.634597541577051
0.371306704911165
-0.148176675974853
0.17457880323192382
0.16875111972355322
-1.0349444713830216
0.125721616058813
-0.09325226962853565
0.07542283680175177
-0.4544604770044408
-0.3709445052962506
-0.6066049213320837
0.5619575644045904
-0.3561246347618151
0.28725171122756094
-0.4839338142500705
-0.10110911018893962
0.3435714241691046
0.23530884939190513
-0.554151967596719
-0.823782017226712
0.2908295216334082
0.436306305731072
0.43136051759701777
-0.6543888324120403
-0.5119548665953773
0.20615852026504594
0.12901978110026482
-0.5033705946861827
-0.27378385939020905
0.005303361277274378
-0.6560440763019616
0.684555388483025
0.3123547473989789
0.6359378110301998
-0.3770533304036283
0.11726138009966389
-0.15844233836267657
0.45558137662675374
-0.4486738999857206
-0.9979354276432112
0.9098735698793685
0.3723054360961711
0.4811510790470208
-0.013415448103803344
0.9945045866657517
1.16606803591608
-0.6465268765727775
-0.043818321409479145
-1.1211665722561144
-0.6080378957952132
-0.4516598497826094
0.1131541086876352
0.20398807670485297
1.3820473378124056
-0.18403604623954406
-0.4734426713975449
-0.021814178804920717
-0.2419906789860107
-0.3368622426493108
-0.9335057420316876
-0.20688655013368368
-0.008347316408744355
-0.24669625606089518
-0.13261343677002219
0.20184646833221315
0.9326186819125353
-0.4767886763626215
-0.31529885780465694
-0.3811155196623132
-0.0986041780004033
0.09406377440791097
0.19000433087418706
0.07671706651843768
1.449289888563566
-0.18868593650912235
-0.02766652225348742
-0.5122559506417089
0.5112678690193689
-0.09448450703871908
0.28724607566816196
-0.17737087926202688
0.28841336471806917
0.15687259532490755
-0.48960794791464274
-0.562214324445204
-0.2536186236496252
-0.16394877135973282
0.07939545574094564
0.20763717935061057
0.4649770492547337
-0.30589814421688327
-0.04846781340276621
-0.15240284695403908
0.5951955005595105
-0.044472657840519
-0.5099771832019054
-0.33373482508365315
0.15216316489424966
-0.7753704678111405
-0.017836138606330987
-0.4019162744340271
0.1909212147658552
0.19577823039630313
0.08583962116592918
0.02533325508510447
-0.2460962204400195
0.2047294083232475
0.27406579623331073
-0.36805117093679923
0.47228772803516855
0.0073479109017840815
0.7522648300889837
-0.3012966157491933
0.33668037517055494
-0.34716403803524737
-0.26780857870774594
-0.24446774528273885
-0.24631030689207123
-0.7622257006581261
-0.2870137375291915
-0.43762447209798594
-0.09115568354135388
-0.350286679138217
-0.17635485682319918
-0.08564485639221836
0.08671609262952004
0.31227722578155614
0.3748730574111576
-0.22473881723836095
-0.3902041163977951
-0.34375173519526053
0.6377689872022428
-6.169692731834532E-4
0.6840898505504996
0.06118005601827744
-0.6647257360781585
0.2769973779215911
0.3110169448499886
-0.2725829893339404
0.061409863490079285
0.2264680477392559
0.48865730005884045
0.5504952857155797
0.30026930629382476
0.4246413379264725
0.014539573034974183
0.16570839596722597
0.12010252984467994
-0.06267229369671447
-0.40908536931972755
-0.7903457337709494
-0.2652087326238304
0.02305194844316463
0.8485603517935822
-0.6053177308403388
-0.6202952264644441
0.3105418582778915
0.2165811071613985
0.17695419906623572
0.0721609910683588
0.2705807709883153
0.3828215340696469
0.2974880955540664
-0.18900816385789954
0.5073711801960803
0.13634483088210195
0.35744899381686496
-0.1728642851093617
-0.675864584746569
-0.5418010199727924
-0.11895409835992438
0.11715887952202265
0.1316453058126035
0.03734388351984375
-0.34162639780706433
-0.4885465356458455
-0.5086717085974485
-0.01061813939404216
-0.5883986051246043
-0.41377414565269266
-0.2921854456606371
0.1548287501667881
-0.30863946259664016
0.20747209552258694
-0.6969784650065204
-0.4387538853689325
0.09765333839405567
0.4812293540686513
0.29626152263779026
-0.38803402879879545
-0.3240177204308844
0.31335504927491403
-0.5257137452429892
0.19597910045612818
0.3593415572897852
0.06483453084421421
0.23530603826927457
0.21413574570179722
0.1381949235547657
0.48876488199566037
0.14196471824778042
-0.14579767568103905
-0.6118479077731618
-0.4611488947690525
-0.8292765417484764
-0.15567368949773266
-0.0999081328767766
-0.21414352617958884
0.19201801611061442
-0.3433377799735069
-0.5869494439932911
0.5676954481798143
-0.3326360940173036
-0.27859922108859286
0.07722540747402326
-0.35159289530042437
-0.2164227101244921
-0.05195395498145225
-0.10429001325040056
-0.33136181365322576
0.019828568278132203
0.45344355527572994
-0.7046146957983225
-0.3786874817015531
-0.23268998004163394
0.442405790811598
0.020072172079654806
0.3310557306634675
0.07422142379889815
-0.34320918037748843
0.08313620762022934
-0.10736249614995115
0.31752112697071777
-0.18683804946071
-0.14942579986559945
-0.23276093466526446
0.01482367299161829
0.09069475732385433
-0.7543006823941797
-0.412855813528905
0.19566913446102052
0.22950703474368014
-0.06463712216892784
-0.40369421282966206
0.2143349161445309
0.13250284722309605
0.3740149809854141
-0.07245529110992989
-0.3625793279978622
0.47531787700775907
-0.5271597284194715
0.28293955163215667
-0.5914295560073901
0.1616922309677712
-0.35306316775947455
0.0018335140930994247
0.021677033240382608
0.3893223922277391
0.2394937928462235
-0.341920998373578
0.6338612997758406
-0.40363406076986563
0.8232477542925651
-0.5482388497259674
0.9319311529459154
0.2306519810303409
-0.4117262976676558
0.0024642098386784455
-0.5033339869293972
-0.48824136792374495
0.23380523198909137
0.0030188011676604877
-0.2965898275955093
0.8132640764258265
-0.6089603503774309
0.012930685109448213
-0.4420192551966575
-0.24751418961656044
0.29851327182378545
-1.304755134255705
1.367782956462152
-0.021952112793764578
0.42929439763594546
-0.36242727798742624
2.112345514830162
1.0428597815096363
-0.6771268063874196
0.06805243399127964
-0.49362565949089615
0.03556593258233506
0.19908447736111007
-0.42017860552576447
-0.41328050178807385
1.5579756843123256
0.07307945156280947
-0.4674460759562692
-0.12974744388352175
0.5428487990274743
-0.9829406851747213
-0.058644083354560464
-0.9020035692820835
0.15621104832029273
-0.04369441420923801
0.26408169193081976
-0.5775936848279178
0.14110149151727436
-0.18748576078570153
-0.30249479562208476
-0.5199803645969984
0.32993322366870986
-0.765632215310528
1.113441110111211
-0.33294904411558274
1.0492796083309224
-0.28403217482404197
-0.19978656337834566
-0.37846961873910295
-0.0882884226195945
-0.6153097720414591
-0.4536842432516806
0.08753821598883019
0.3536797133472482
0.039086759975051705
0.21607625573489078
1.2554645614677178
0.8990659241691582
-0.007504231074101021
0.4000036604850684
-0.23713020710102498
-0.4816435141419512
-0.3838492059266966
0.1714490310776488
0.15985295027990457
1.7120880865358585
0.09218483778946651
-0.2418915819385303
0.051719504922417926
0.13822301804294052
-1.1215102513919006
0.0799338551491041
-0.20704790777927978
-0.16983938684443417
-0.584121611467349
-0.10644482416427094
-0.1665948083848952
-0.13683538856312671
0.338222854033757
-0.08180500750304279
0.043071722244287104
-0.23512681329239166
-0.5228023571473651
0.6841643313475488
0.11947048465214552
0.7828242496018238
-0.16568076135689558
-0.2786434735320677
-0.11070857113347922
-0.004916608064483998
-0.3496691800863253
-0.5379802463817576
-0.5782753415706061
0.3996024032936146
-0.3146765534515127
-0.17528799961300134
0.6443173886507694
0.6497853800296122
-0.4641469019263911
-0.40762871709538717
-0.5126583408956777
0.25783107752031037
-0.8864732715839568
1.1123353214057163
-0.6656192693609851
1.6470148125818886
0.2611526253356711
-0.1788828592315703
0.35691949890309005
0.5358623851991228
-0.5851458955115522
0.28153775509911283
-0.8014826683421028
0.42850804685906263
-0.4447533702065334
-0.3182799830997026
0.07946239396677168
-0.4594687681734408
0.25837746310316745
-0.40128079967651736
0.09729198674825094
0.18926788861241245
-0.15528368249917088
1.2531816252205439
-0.12730770789273185
0.5718736702343766
-0.4636874849550292
-0.32662515870742775
-0.50330936995376
0.5343992209310653
-0.06990426126524546
-0.1734250297715571
0.5029262664983732
0.4299225803623214
0.7355831325342777
0.2562149682520074
0.9729666248064034
0.4018202354570759
0.15662673856742165
0.4423285769417056
-0.7392702462726553
0.19378338469025264
0.2916771605457119
0.6316265972971534
-0.018744984829920864
1.5192922110256368
0.10462685421789998
-0.1239629455173477
-0.11640075580754049
0.19250895173915925
-0.20590418765987978
-0.4394575446763376
1.718721085135244
0.20322307355913807
0.9144986073594236
-0.28113909481313565
1.7158824342560546
0.9773131437553725
0.27733045885757723
0.0952882246742616
-0.3950942807255524
-0.3698787438547529
0.0933137448015465
-0.11711594254338345
-0.36622825889814214
1.5376997787691244
0.1941662050857194
-0.3819483036789667
-0.9706179678614362
0.18653496948167025
-0.5017452279837202
-0.473422960588187
0.24648412168556913
0.08175849192763165
-0.13699555805247493
-0.4431283883918713
-0.02675723149103291
0.08913781579256942
-0.032393867270688124
-0.06517854758577767
-0.6186576431508545
-0.3287547901311676
-0.8439164537764666
1.1395204967291048
-0.036729869960458364
1.6241888140742162
-0.33469651472164613
0.07858196582233289
0.18962435853396245
-0.17398644595137247
-1.4759960840486743
0.08398226819689522
-1.8280153078495662
0.28215374596784054
-1.3994406079651822
0.0027626687019630474
-0.6563952016020781
-1.306119930009271
-0.13750478323332832
-0.13279270334476173
0.5326645605183521
-0.11990536937642576
-0.49900465458906007
1.4809889562952276
-0.16714735281386411
0.5672781788451973
-0.32674244707412503
-0.2834890023873322
0.20164043474378054
0.6332080495711319
-1.128002333089771
0.23330522026091483
-0.8694650437184027
0.4577179168905429
-0.6737626568191996
0.18249046906001198
-0.041628091441668756
-0.11604681972136408
-0.36175405429326035
-0.16496910787082447
0.10758756451302702
0.08412850180321477
-0.9133544059462222
1.2935983137714004
-0.007505480599372444
1.042227684024599
-0.10271617396017638
-0.6235020850726204
-0.39508109491975524
-0.028391233206293474
-0.7801428737496231
0.5528467769587673
-0.9514819439888756
0.008100906495490171
-1.405428626011612
0.4980968605648411
-0.5041157047645525
-0.31853513746460893
0.3595686716374108
-0.07546176435163543
0.33791680853332917
-0.035619650013626145
-1.0277559101717613
1.4924368750828105
0.06735831194381531
0.5505369606828175
0.31113923485351774
-0.16329599933701178
0.010030291974008997
0.45099130622196126
-0.6738319519204122
-0.031195701081736915
-0.5191678064761827
0.049120708678999064
-0.18583144531915133
0.1145164361054768
-0.34195829594650334
0.27246717334237547
-0.4272352334473886
0.22655688137069244
-0.47889853563031104
0.49656818562156374
-0.0962831201587419
0.23030298275152677
0.19877060795967852
0.40014595013702353
-0.29402435508719316
-0.029560569174173875
-0.32685474077605386
-0.011015285452620071
-0.5814480326977652
0.3290592477364751
-0.6974080034263631
0.22770367472295727
-0.8806751293570598
0.01403423954601927
-0.6056354934184868
-0.024616469185350324
-0.15008552515691045
-0.4213198530538074
-0.2228543809477685
0.35347952369061625
-0.6322576921008476
0.8598126385226688
0.19639064153742644
0.07240524586616966
2.3193432714941064E-4
-0.8040971272049732
0.47803166474857617
0.4975468897963062
-0.8151209409910658
0.37668214203686584
-0.6020408440669748
0.3811038264959178
-0.26195108752558993
0.24986136726954342
-0.8568171298609628
-0.585018853341377
0.15152028826188793
-0.3397103664568301
0.23652192726147594
0.27823594910742283
-0.33518290386226346
0.16823667490817834
0.19370374704416354
-0.9746952200786753
0.49617812052481053
0.1833249391012239
-0.13565621751645948
-0.41646702062191227
0.17464947916904708
0.40652315824149665
-0.21501715257678308
0.3295556556106572
-0.581280135742022
-0.061549111151121265
0.4196032461514817
0.012887837226111
0.26124622740561226
-0.40795784261299384
0.19892829279659985
0.004824853315930997
-0.34983433583319895
0.09977936559056068
-0.4759656013339362
-0.15697614392131104
0.30800380075077377
-0.4294637973615529
0.33008726738895017
0.21664981092282834
-0.5084464883823697
0.23397912958972966
-0.2827325833015778
0.13046056144239912
-0.5639569721943514
0.4134449302945081
0.4868595797119973
-0.27226650330844876
-0.6150083231289175
0.4779266575970296
-0.5084345425524174
-0.3719994328129544
-0.24282973496173735
-0.0027746875250220736
-0.4898780911409322
0.2785491601927621
0.3899862122557799
-0.3450854545244795
-0.1972588894164043
0.31157919423938507
-0.7644064220725558
0.4062425558510549
-1.7916047236208594
0.1254749716018617
-1.5628334481903896
0.1227597590963063
-1.7494981439125248
-1.5008901460749164
0.3158983164444837
0.3707989136551327
-0.06684866650891143
0.7570156378575795
-0.6985934978538448
0.9413104997835491
-0.16810828634661654
-0.6238155616839601
0.058188741012636214
-0.02023557058195476
0.6152507256006463
-0.30005306214824623
-0.5783302358516029
0.892063080099964
-1.1484845172424962
0.1060762729378851
-1.0705231586128212
-0.05748235559576217
-1.2352654594277233
-0.7757519416163727
-0.055815362401906765
0.1370804805371168
-0.12709328677787604
-0.15589523472768613
-0.19676112379702806
0.703549768631377
-0.040571615316172434
-1.498149481525869
0.31661812382616733
0.13201294543201175
0.6177671442937962
-0.42624339282211393
0.5832515348761669
-0.3989488753596591
-0.5598881306227399
-0.05848140983720388
-0.022985236760176914
0.30098711412802764
0.1457767912594223
-0.5523528075959611
0.24114510062168504
-0.2994012512013464
0.22420374303440843
-0.29244670778497095
-0.2074868719894702
-0.7611812453088047
-0.4672618866855315
-0.32665555143014885
-0.558056855984169
-0.10144679008107603
0.11343968406144686
0.08961550743950111
0.46238065630612096
-0.9993354814926314
0.5447358062511466
0.382178834264022
0.7402803367928951
-0.6587221150060022
1.2095180984261344
0.26939746679529697
-0.554263809682335
0.021423318660852113
0.12264448511873698
-0.7242426137137812
-0.18158423873670826
-0.21746891899756338
-0.39993330912289815
0.3403564617763179
0.2612052782282964
0.2445339909542837
0.11949405356432038
-0.2235806869831287
0.791403399369553
-0.09259788536191982
-0.2225813400504026
0.14151788631830325
-0.28750002325808605
0.09708848566485918
0.08650426098523
0.13289942875828414
-0.5922243190873692
-0.11483333086019196
-0.018296860179203064
-0.4987458792706696
0.15718215423515183
-0.6093465308700393
0.04276999502939117
-0.5437531405506153
-0.41649169908131733
-0.22656784449367348
-0.5151540525625738
0.28812074582969904
0.6240273187144049
-0.8940320840300066
1.6438432147910536
0.08980899524836797
1.2772920068827356
0.0016304469837056777
1.7528181833235552
1.399650162315867
0.12397165065335747
-0.04367219685888673
-0.1536665011044997
-0.7944215377561834
0.14783136162097754
-0.9136686348923204
0.25985099561387
1.1102675057586953
-0.5933445999689925
-0.33575157779066406
-0.08602360683770646
-0.3504325889833805
0.610479694881294
-0.3178444978671454
0.07133387851499269
-0.2904020110226565
0.5418569630188614
0.1871228211300502
0.5511464125600531
-0.0523795323833036
-0.16205067456998035
-0.47892678352208945
-0.5783560006246447
1.6932686681392083E-5
0.3905776008484288
-0.418275434865787
0.10469027723151124
0.8163709240305477
-0.5303959463647705
0.21623455477503412
-0.6075864194750519
-0.2711595453396919
-0.0012244115757402525
-0.09063792855180319
-0.10054109544351837
-0.38205404464312254
-0.5274110063001864
0.005235508097456573
-0.7624089063089268
-0.23940568849956198
-0.2232109606283021
0.45919455567684486
-0.20752675444784668
-0.06411687991706402
0.06092257632493072
0.20719857641814093
-0.07777912463324356
-1.0318621675202007
0.21733538923165424
-0.18547123442313343
-0.14978456572993434
0.36207624633158136
-0.18241587250430102
0.28372242562989736
-0.2921333899478147
-0.3626220943347049
-0.5835501488987865
0.5089329707742507
0.0701029858931354
-0.556755882235634
0.11418518511787608
-0.4735014393337341
0.2545850970198358
-0.11858233794191005
-0.43305868905658956
-0.031065913526612646
0.2647708554333784
-0.6593816470124805
-0.24031624219531836
0.3666951253478298
0.5114252503976279
-0.09114842490218375
-0.3388577025215482
0.32640731123468114
-1.0469525025889215
0.44435717022313426
-0.1924021486671422
0.25432521158511623
-1.36325198233208
-0.7849721154743978
-0.29593188761381933
-0.3677623831051974
-0.11770613122519144
0.13982321034679668
-0.6160043993346078
0.34956707060102776
-0.04122973820938278
-1.0542469439818658
0.3777809304142899
0.0031246618515375487
0.5794117565832908
0.44758037127992606
-6.796594103974388E-4
-0.3940717456371695
-0.13753336421786147
0.3602309235833658
0.39867179366395294
-0.5076381957088063
0.44726572745251186
0.32769313018084023
-0.4807227609202969
0.09387664477424215
0.48482170724131873
0.18900470712638734
-0.14246510262037956
-0.4705846632255637
-0.518939717064029
-0.670266117183353
0.11108147298846327
0.024315654796251675
0.1887302204782405
-0.060426494881541296
0.2859711274069732
0.031162121989223218
0.5416953582236222
-0.4155996305730778
0.2266280123123673
-0.46236054493082596
0.8325738380562645
0.123762109666634
-0.045541677933433056
-0.41843523308082164
-0.4700975412193331
-0.029316039719817614
0.5353511196876622
-0.16293889344972615
-0.18686016505088154
-0.5508745555025643
0.30689995381183505
-0.30308340281559115
-0.5403415197156191
0.4769584551046363
-0.13610549620046086
0.662430069678541
-1.5755934945881775
-0.22980906384980496
-1.1697213444817018
0.23664776123150202
-2.1166827461710995
-1.5545948133281764
-0.3258578759748619
0.02873335279797161
1.0273581892733041
0.18004455766444294
-0.6294895521814154
-0.19668384971000727
-0.5437653715828036
-2.3529388719253586
0.011367919885200774
0.1265366548425594
0.6229458971157279
-0.15603829744526182
-0.6320445150786395
0.9881671024682656
-1.2661896311691299
0.18689073868086967
-1.2047536808765444
0.011085810044925258
-1.6608188076880843
-1.8023668636645105
0.24666676109197475
-0.14090232437118344
0.7531406277717733
0.38045077041517344
-0.6282736943993542
0.03433563865576532
-0.20929691221625252
-1.776454737335436
0.4164346269185297
-0.1163544687348709
-0.06854281217165706
-0.15125747479612378
-0.6047850373987617
0.36837246259325257
-1.056916805762714
0.11713903942304253
-0.9796440650210199
0.4261838250174622
-0.9849101097966836
-1.1072999373449288
0.13320389835670998
0.4096080541142473
0.7443876891422609
0.07394488067513312
0.3846161809863514
0.3261574811540849
-0.35795507729072773
-2.0375807830014443
-0.22105932434570766
0.12835783443766574
0.4748752155054485
0.14201586289273152
0.21669110077562906
0.6888607812498202
-0.733913447080571
-0.47140152418758785
-0.25656081165198835
-0.45581547138986533
-1.128651801881594
-0.8124197846636533
0.287900397927574
0.0943022324276603
0.7870448257279415
-0.009165560067332656
0.0515790763010852
-0.11334690158598948
-0.12123015756450178
-2.1628399134520064
0.4676640353376398
-0.49631596937443967
0.3000205224302681
-0.43334979703351995
0.47996689602435477
0.18226051671623503
-1.3780404601030207
-0.521588223628217
-0.5191904112744993
-0.258089589239242
-0.5791886872520927
-1.430708613974521
0.2941183385959099
0.23458171423670848
0.7129775389600144
0.08554738820184377
0.1754073327311818
-0.7424117163456796
0.01583702032106976
-2.1504397520591265
0.09825798011121052
-0.38975152654226564
0.25257037486453815
-0.12369554599393125
-0.5028498276693243
0.7899335999087459
-1.4869245143820122
0.10448888955723429
-0.9881731004124921
0.033047869973125504
-1.290507170816998
-1.0778624259404428
0.052824664851345
-0.07709534574599641
0.5069876535941636
0.5070653161245844
0.22139889946533586
-0.2383585376023159
-0.4861593976301428
-1.8411114884394175
-0.3052977936275682
0.11859719770875661
-0.06519021219240115
-0.06157466962516595
0.1447511323973061
0.009061827615156353
0.2859689135368454
0.3254215855273444
0.5337837177497378
-0.3573870103350783
-0.052871473813210265
-0.47649647169081616
0.2893050144286551
-0.007738924005596339
0.18498928116163266
-0.1615615504434704
0.2449101248998754
-0.8884398703366333
-5.962446755038039E-4
-0.09270026443400259
0.371377239522777
-0.2624931885888188
-0.013560480214998899
-0.5096546926486509
-0.04721096340381679
0.5318555023252829
-0.3833080610514874
0.12053476334762994
-0.1406753007760101
-0.2900788431741947
-0.11303639126498208
-0.48370400374569666
-0.41319633863172656
-0.30337169583908585
0.671977268513474
0.4680267294459132
0.21872375428139304
0.20099459927653976
0.32426040711204446
-1.139891475520963
-0.167536701355145
0.058632561230784655
0.4064197572420802
0.34291019460961514
0.4051242255770733
-0.3204153885804765
-0.22310638745717642
0.07189396041441694
0.22098364506835247
-0.26061654668070644
-0.8424459303470003
-0.47169119095174156
-0.2737368132043668
-0.4765558749800036
0.4418764089928082
0.4507085816648479
-0.3546575192722353
-0.26976605671238474
-0.08716886648266094
-0.9035777743524672
-0.0939479339451693
0.35835244937882654
0.2440624317069056
-0.26928689897576025
-0.24061362085177507
0.44294898242306086
-1.660237781079681
0.1325573593563199
-0.8952657028313258
0.4042754116336198
-1.9374888125873981
-1.123160057611162
-0.05171060038246488
-0.13949175450062945
0.5572356156025448
-0.23574758280806615
-0.39625714101988363
0.02508030884754821
0.017586334818796304
-1.7487363091886723
0.6155548190074379
0.08041903902155595
0.2901175988260932
-0.05805069859484064
0.24806752558740086
-0.1803210627925987
0.18695481449079512
-0.42746981999984085
-0.1707647273874913
-0.09221176875271914
0.7909096085728214
-0.3151283438580709
0.06963703597611196
-0.27658570201384153
-0.4443042213466874
-0.5860347356171776
0.4248155976710023
-0.4298265423956491
0.12343697032717364
-0.35575981276712637
-0.5592397138541555
-0.5334354440611551
-0.5092303250517134
-0.2290479063863783
-0.17734890864790367
-0.4754584849024891
0.04619693810033557
-0.1558459725472914
0.200621407962546
0.14512119845209973
-0.1305355042565791
-0.02630892438195825
0.27688897285504993
-0.3120018729481963
0.044222467891112026
0.37943402963437434
-0.43719844943878217
0.20822029733726155
0.24640908104669818
-0.09978807502652082
0.3627873894967971
0.02653240075573313
-0.32915835632217455
-0.008797211056444225
-0.3509204320213394
-0.6404611231589757
1.146657643051013
-0.32351612277923536
0.3036577617852293
-0.10374346298228149
0.48777382429861826
0.8088047717938827
-0.24338492562648809
-0.5055335177255037
-0.5827581255035882
-0.17000084973473226
0.2355733880660825
-0.045499218081264496
0.15516718319882752
1.1547016899100024
-0.506842235384024
0.1531623421876066
-0.41989517865361187
0.16144364058374186
-0.3897841103601716
-0.0012260175630712548
0.5741034639617778
-0.11519350830093752
0.8143876401106634
0.12836358772622397
1.039276731667596
0.3696092897160135
0.018366427252183463
0.21858178671917253
-0.07920829134790018
-0.0737158480841613
-0.4183735615626509
-0.5176414946792082
-0.32854733016540094
0.2111765057955168
0.30659194191009764
-0.13350114777058306
-0.6290609894658218
-0.166127668654358
-0.4171733533932086
0.0773477342669161
0.4615589484218514
-0.46312912854582844
0.7387532271965479
-0.569587000691497
0.6477520842478605
0.23441626054022457
-0.011922430493272906
-0.4514859973040445
0.2715202222870696
-0.09232297439849198
-0.19633672734804716
0.3980384385115278
-0.5690715385440486
-0.1081043442174468
-0.5395149221741905
-0.5383658659951718
-0.476013305757043
0.3229214107621077
-0.8367583148934361
-0.33184172220199587
0.8222528616510132
-0.022910387310763416
0.10911640676407207
-0.10565804182617194
-0.11177659046628259
0.7215629120706174
-0.2939674462358236
0.3239891646248148
-0.37566217114734834
-0.44306740112387355
-0.5110032497599653
-0.06363662258159927
0.045603983338814345
0.004333518232897068
-0.032919529078239786
-0.3097396953049584
0.004127524431176629
-0.07241419325524155
-0.6562710560023414
0.05741745464525094
-0.21707549152337685
0.07597728034126465
-0.1674095142473582
0.2930922118551261
-0.9239983861593402
-0.04244355459687323
-0.25338631078884755
-0.21691008643685256
0.02529867556151438
-0.27425329091305306
-0.2840201654511745
0.6797164703540778
-0.26777716168422777
0.3950854445320859
-0.15170557142803154
-0.20040192905016482
-0.17773449547502634
0.13091566963647008
-1.5691632123363979
0.6507226146907005
-0.20423625090249456
0.36217336038420356
-0.8783976081796658
-0.27327674851760825
-1.3306342261379145
-0.06722719105281069
0.10509586800770779
-0.02745235367284176
-0.043035244026671256
0.01017464666297325
-0.9896847941349357
1.6174139800692355
0.2940153627009989
0.9370631756533542
-0.2841431140544668
-0.6660257205593078
0.26491707207635024
0.34702433069694344
-0.37503246801375767
-0.2704020506466331
0.909628579552615
-0.34386744462744495
0.5241762364973952
0.24795516632646522
-0.2185813797749735
0.7235033416376112
-0.42044796809126506
0.0419605378741366
-0.11621051999898589
0.17078982912093835
-0.6457033624882942
0.21024305812355212
-0.5507499139423905
1.1991585607842834
-0.3320618630556454
0.14232504987175357
0.050672265068921335
0.1570006491892087
0.32496123661708587
-0.5506143462216824
0.6618605142079058
-0.4852970724191911
0.7721131833372946
-0.006945468884727144
0.09732981186724902
0.22398976385894187
0.29879257097694367
0.27126554368665445
0.043487659669354375
-0.558847476665725
-0.07558926659305316
-0.22014621190295852
0.014977812646975501
1.1102274365760911
-0.4088766548888639
0.2596357782175347
0.16044195381066886
-0.2603824885532083
0.3377817282162386
0.8423787339154484
-0.9941049167263621
0.17224796219229419
-0.6557521380865966
0.37070153969330305
-1.0803724569504116
-0.8866275732669398
0.5093825989247224
-0.19429066490733599
0.06687860904736688
-0.0051571844323571895
0.20959588579554414
0.5920219034373363
-0.522226702691023
-1.025456554629147
-0.2255773308553997
0.3088253758756263
0.36599299627535087
-0.31253549209644765
0.1380979104073828
0.5376160635116496
-1.2899610684376606
-0.36978053985756465
-1.075754689250822
0.1485702989669766
-1.880337985870241
-1.3241751065975416
0.26270948660081483
-0.4330553477596884
0.44365362480454207
0.39446884947005334
0.3259050408952676
0.27970699773465335
0.11320604718165024
-1.5028766225744459
0.6346192220399826
-0.32640425305795845
0.3563449560533386
0.503834406600002
-0.8273502020061874
1.017031846497107
-1.2851340129973319
0.28986606969625445
-0.5734707225312645
0.6058643242781849
-2.1937025018634437
-1.1727089441648013
0.17378859817094514
0.30691850404906873
0.16954593482533975
0.7145394616445244
-0.20690416957384367
0.2981524412059703
-0.28392592419427176
-1.239360604081863
-0.013137493652499574
-0.37759850714017773
0.5476410349722559
0.33098423448647946
0.46290378234199847
0.27488771259466277
-0.5125358112304057
0.3853572825574745
0.11333402442865674
-0.17662528426885427
-0.3728659006574319
-0.6077285560222544
0.4127078004679457
-0.20355209560157553
0.13698605141844777
0.24957980258048676
0.4966877791470959
0.011784449684870357
0.27889923227459723
-0.3636978095818436
0.3034389983437097
-0.344050262704283
0.40769870927517154
0.10512085224085645
-0.08504393370422737
0.20490212528473037
-0.16112891662714218
0.006380106195459
-0.1115143799431092
0.46311135034036555
-0.2391216439104472
-0.6271227614047498
-0.02196782574225264
0.27094485050055256
0.24034304694573502
0.3979968969609385
-0.15743991102663024
0.20581119996609115
0.28691622942098094
-0.5140453058404165
-0.06575525044568067
-0.18579239906962683
0.1269410230663955
-0.4395181827921349
0.11184513191766692
0.5446842995029786
-0.5443017436917975
0.049932362594385174
-0.3466486777638084
0.32204447311376017
-0.8627586157208205
0.025255814236507645
-0.1819846724828553
-0.008671011346464612
0.5212188082907017
0.16846870402826436
-0.123854748909636
-0.16397556864555268
-0.2009597055913308
-0.4459575777183109
-0.3279458028764356
-0.19007714056026712
-0.00861602216424397
-0.11574064022702739
0.05048950122792987
0.681371558488158
0.05971443866995131
0.26996127520408325
-0.4918070671210861
0.2342413225429941
-0.2709426531096964
-0.29608715925737095
0.4452225650757694
-0.08925132497788425
-0.2874020998486661
0.35976765936966715
-0.13344535388995454
-0.5124304266131242
-0.02618027715655971
-0.3985455294601438
0.5225457523439635
0.35430688598813154
-0.12113537126540717
0.07398871443914225
0.20442207737722998
-0.5753617358207122
0.7254546346085319
-0.09540746069015231
0.39723193757140685
-0.3774287804673439
0.32524497064280655
0.2459618396592992
0.1621253389959651
-0.13564405987915057
-0.12442946557713697
-0.01945695251573413
-0.1973231407173935
0.2006728584156624
-0.42681439017904343
0.038193534267718
-0.47357334184132366
-0.3947563798661726
-0.19022645379519815
-0.5718994465507837
0.8572979985032633
-0.26093210718880955
1.3050465519688188
0.1357013995345405
0.1731835373935985
-0.2966885754628788
1.0251706792277704
0.925934849867132
-0.04140801379404782
0.12104550021325187
0.20753619464812884
-0.25705030373676263
0.21802177845530063
-0.5895848041067999
-0.3590225343885548
0.6930509854195182
-0.4459886082413335
0.49496391656855004
-0.19702463041941032
-0.06265122419677817
0.4618080970640735
-0.5711187013426239
1.644038821409373
-0.4032118596091493
0.8295128586975488
-0.2624966019859257
1.829714168739189
0.7092100849712907
-0.2533995593909403
0.09845055568353048
-0.28419525562367204
-0.17066133453533563
0.3146367795842466
-0.7806482856789309
-0.37409865341403387
0.8342570565389289
-0.4049247466535916
-0.18055801136130428
-0.7635082214670165
-0.02893260009226258
0.8341292390964016
-1.2067259216577355
2.3409085887236176
0.45321753891209027
1.8690079563920414
-0.10949266201998253
2.8600979439781624
1.8574983243226038
0.2319066882928514
-0.22800912726712255
-0.5241307749378786
-0.7217253885758683
0.8051766462901103
-1.2328130230793937
-0.2828440025472732
2.3843144358558828
0.22634954547487668
-0.019288089541369013
-0.8801584518920494
-0.010899854513684826
0.5938442527179185
-0.5595170809141994
1.846508431696356
0.43380621987094
0.841360432320119
-0.24992522213189003
1.2677685994473271
1.0353149786378022
-0.4546641906028819
-0.5722922269175786
-0.30160523981496995
-0.2108317507270214
0.8675253329264773
-0.71357289792951
0.2830768475468269
0.6247064378507042
-0.44988327516894583
-0.20054289169580616
0.04136505675724988
0.2872488560041115
1.1631924992216078
-0.2839565508835229
1.7916188461030007
-0.3738866463880067
1.2866503027098704
-0.15013704490561844
2.1491814986204907
0.6744914266665571
-0.23286245019042126
-0.3183950154153779
-0.5559830976648291
-0.798886510502249
0.9030817984272896
-1.5217089091762888
0.10155339394496847
0.6309682637423412
-0.5121037917115884
0.23685322635536435
-0.7766460831880849
-0.5393681857892886
0.44267367729504287
-0.6056402591033283
-0.13906923504169766
0.20057676779742778
0.014412263315151882
-0.6294504578318659
-0.0186516127810518
-0.10643028502446238
-0.07325707823889023
-0.025711266517261477
0.26710010657379374
-0.07768235900055592
0.6850426454780503
-0.3824820908344044
0.27085001219940996
-1.2582182010389036
0.15011266851034422
0.41910978892710155
-0.08931109635819852
0.2951227434931822
-0.5279378485488887
0.7335850662478386
-1.5915399276591622
0.45086050383910187
-1.6546625803649746
0.5123560348390904
-1.8760313851614312
-1.3247443678515987
0.2930865077971818
0.4586521016248108
0.6692647543942579
0.10053551172801735
-0.6368433201370691
0.10361446425407629
0.3234458443444032
-1.7896329274533638
-0.021592733524632136
0.4173345005792177
0.42632020276130084
0.13441110283217358
-0.3979978228230051
1.6738195169647616
-2.6291198186513296
-0.17989630419415648
-1.9056958440660254
-0.012899983008190997
-3.1772807369097347
-2.36708613609346
0.046354003031028955
0.3763594294275762
0.651439994481734
1.1251094904747152
-0.17435330445656613
0.9299062598565294
0.05241998164976203
-2.303907030251598
0.7824922319250657
-0.13535036089228716
0.38812224311416965
0.21592027029055363
0.4193278665872201
-0.3247188199782208
-0.5640524797569327
-0.18889822664215528
-0.446703768047765
-0.42310158176111284
-0.5082374433038104
-0.4917807626800994
-0.22606443071450952
0.27210831100799815
-0.25981745762736397
-0.43427819176112653
0.19462335186850013
0.2423643035093627
-0.19612525506093978
0.005011270081809061
-0.437157559030615
0.39266786065493126
-0.2962261144553124
-0.45699728887788277
0.46213158323734344
0.4637931604239191
0.13766371885405326
0.012936598517277964
-0.0032376948175653064
-0.015190008113141307
0.07853373618906984
-0.3843255166845242
0.24057492178709367
-0.0818417236803825
0.23373291577933908
0.37798900887087916
-0.4234174788062918
0.08923906325520736
-0.20501292863099962
0.25784463235295324
-0.06691104322504171
-0.31638784536625475
-0.012635152650177839
-0.15993327259653833
0.0402098317517941
0.22822578631054274
0.27785208604132333
-0.10793766523708997
0.2535641833134544
-0.42891966198566484
-0.23826378790971503
0.1937242829573242
0.24283749930048432
-0.4129561580132575
0.044538346388521
-0.2838783957323133
0.24713649519370862
-0.3916806509093695
-0.022956895748623973
-0.17755059208204765
0.008594767861723696
-0.1357816137715383
0.15865744433444517
