0.2605917282156664
-0.14017040138841497
0.04440306941901906
-0.37628580132478934
0.20793725032744598
-0.2975517890416966
0.4461107420115217
0.47626151742728556
-0.3363090069060369
-0.090160987696292
-0.025325436388874634
0.1577991174078357
0.032473721968060976
-0.31560650138688184
-0.49243066609861014
-0.3467652043410387
-0.252968914876221
0.4943001166740927
-0.032142099926574186
-0.4792801732568476
-0.33285168760714706
-0.06653647212107802
-0.018025484839710063
0.48833065828218536
0.3452421553326094
-0.48862447189050157
-0.39193132470891223
-0.42451833769123476
0.09233480767905766
-0.3590200419036499
-0.45745510569120323
0.0826169764047865
0.18202438080183375
-0.15806378711990532
0.14563260291446
-0.3591590459565369
0.19684841440229445
0.43798742982563266
0.34815142687478856
0.2333129237611152
-0.5133616174284426
-0.42626986376947784
-0.06196080315167764
-0.14291154926878338
0.24282763511460997
-0.1100129305214032
0.1420975673501216
-0.17940883735700852
0.29738466534675295
-0.22350496624471677
-0.2919068511134238
-0.16461528564099573
-0.34142583203077015
0.13877644035588008
-0.1366220975572557
0.3386830917682869
-0.1427387442115374
-0.37288150003955894
0.0814877620878099
-0.2633036354515273
-0.7128912259719244
-0.6610811278383166
1.0584110189596538
-0.3853772116725456
1.4907072650480515
1.139821457819019
-1.2696017986166361
-0.703868716055899
2.3504579354688717
1.1208904228079652
1.5825340691967156
3.3757969138021564
-0.29084062074974476
-0.3573513747121827
2.4847342023740553
-0.77532906996539
-0.6659510949198533
1.7563057471084516
0.1875235461853647
-1.3213389639754995
0.25264201289222565
0.46542664953045654
0.07253630890106302
-0.4391898550617317
-0.020585390856006146
0.43670799301786684
-0.3884502217640352
-0.27190792871469005
-0.04854447277383059
0.31998987703695947
1.7089050142512061
0.7317142254111909
0.18530937798549446
-0.3641571745045729
-0.17116659678612411
0.34890357786043896
-0.4294300877157583
-0.10868976441212588
-0.43013025467454125
-0.5977861010317266
1.2212146370387384
0.48472246499287946
0.3085254649462594
-0.06855766524011205
-0.9884409237880082
1.3986558645160314
-0.3019652859821961
-0.5808566519770791
-1.2310038961808518
-1.42330003797411
2.1888207232027375
-1.577362895953619
0.15558594085448824
0.36239202323967284
-2.955237469691287
0.2595747910852547
-0.2022597645660658
-1.076257498177542
0.4133374035637318
0.23786254022140363
0.8302871191615326
0.4564035862628057
0.5901829474605786
0.48120986426411727
-1.1794294539200845
1.227230145962295
-0.06906061475849912
-0.5471287189063199
-1.7800627844403618
-0.9803616076779974
1.4893954658050812
-1.978419604401997
0.16799537780374255
0.019658399380939013
-2.204025833741567
0.7511957464940858
-0.5825651061729795
-1.2060677098332753
0.4437845626863117
0.3776368576583673
-0.2509814301341699
0.41751309578585
0.30913938835294763
0.37673030911914895
0.40428356830032175
0.9823011299621087
0.13345745205405343
-0.29977406144123786
0.384876062947966
-0.07060055827953157
1.328057617557271
0.4993328446121456
0.25056869061412235
0.28512052638798746
0.29603745835045364
0.15566253906024724
-0.5094280086765559
-0.31021417789236616
0.021678576588648437
0.10579687765525152
-0.20172477909332373
-0.551359107725358
-0.07871884911009087
0.3285548358101853
0.4476065364097686
0.23706726183005802
-0.357385371408193
-0.3426881769060093
0.8479185784574089
0.2881061973020319
0.7250009585179186
0.9848776276744465
-0.39978164939453387
-0.13444143310750167
1.5418718004047245
-0.2202738173604253
-0.0205023811338858
0.3550760645833642
0.2667311055031544
-0.1981217611169104
-1.3569582200678267
-0.7954367592459008
0.5260712108030768
-0.33838650646295576
1.7294212849574215
0.7369383239766918
-1.4345076653107933
-0.06955719469607147
2.965141093261182
1.8661721542531562
1.5071538922344065
3.923792364502977
-0.4743422323466119
-0.443061675135219
3.5965643448602864
-0.10602389222326888
0.07175556316439721
1.6506300883502072
0.2504496447234381
-0.33058881634886844
-1.2685566659524419
-0.248205168443773
0.42945393454946945
-0.3796332234693222
0.617287512935939
0.35333917791977426
-0.20706313782809094
-0.3616395336326478
1.6502461149206407
1.1796778135194448
1.1362932020718777
2.6405019014351705
-0.3193177065194458
-0.9994619556890129
2.7445552215567592
-0.4031444789663085
0.006896394319558541
0.6093195033368064
-0.38017735670058495
-0.1688738505236409
-0.14295901228348076
0.20770920083450056
-0.09462459460459842
-0.48038868204218593
0.7164461792322153
0.23324741077449238
-0.6093593183970994
-0.2138385161466019
0.4755903096206776
0.11694699309802672
0.7765772771902111
1.0351391563358192
-0.012165566807054629
0.12855017072046562
0.23344297461691377
0.12948722374843252
0.2866547609602843
-0.21616966533777704
-0.3108485924020301
-0.17416676357263472
0.35836207304354845
0.2577899018703217
0.3127103363585535
0.45491174784840505
-0.06187667274943588
0.549625670046624
0.46918386190560935
0.3204868477352818
-0.4825925845985381
-0.5240947056125914
0.5799721896362875
-0.44897468421729314
0.17816943543957298
0.16134992720536168
-0.34411554431434743
0.30728502383242484
0.35777529944238246
-0.5602850472137902
0.0018313640692781703
0.128624202749476
0.7690854139068791
-0.09135219479331799
0.08367787866068406
0.2538121869407224
-0.3742002667606862
0.7148067754920571
1.0293658403948291
-0.37599524775387017
-1.3620113092227257
-1.1812299045760577
0.1422791213618195
-1.868050338008717
-0.1690554084357593
0.049570649905404565
-1.3093536220358228
0.7827026989658589
-0.17372313118289137
-0.5880825958804798
0.10855875812760615
0.14109071762482214
0.5334163446822142
0.724815136666295
0.539692101134206
-0.09031115031879251
-1.1780586340934327
0.36786003076616997
0.37437794389131596
-0.1431476495831677
-1.0186972132596637
-0.7724326056803243
0.3077783028048947
-1.2557334802099918
0.22619528605184602
0.11510582901591512
-1.9800494354851923
0.40552998312541244
0.450177075205814
-0.5973785466369467
-0.08635640805497773
0.19715488569507567
0.5000938726586225
-0.3375232907676554
0.4851514569878247
0.10016034697394675
-0.45605031621726455
0.5253064562197272
-0.3268789193765294
0.36819563535020794
-0.6480213718240437
0.11000487655941071
0.992056280812551
-0.15913711135976066
0.2946840643223538
0.39707426677903446
-0.3065845692898678
-0.005320536653997751
-0.4028682697829235
-0.06868556805717731
-0.08123572715801823
-0.27094745060904757
-0.26868466574221117
0.4690538812983805
-0.13148915372128778
-0.17949347758166503
-0.18812612661352826
-0.23509006298341165
-0.2895422043410338
0.058903072944254724
-0.12899283187580837
-0.5003644299600251
-0.9361671483105516
-1.1114697320495677
-0.18030063480172992
0.0777777310719256
-0.2051015895925484
-0.18102865890438444
-0.31947189158515965
0.003882253116695159
0.29808873791497037
-0.34214491981984807
0.15544139845022967
-0.4283913030404288
0.12772676774240846
-0.40365528584312155
0.5854510102836226
-0.5436431313188285
-0.6480794047373862
-0.2456747443562666
0.30640134236755284
-0.1841483965104353
0.06054857209696236
0.8670084254113432
0.022165678575671
-0.0842384747854093
0.019354451602063897
-0.4299684367757359
0.2709228288747163
0.16009310526932907
0.13476127039411984
-0.6718458328083978
0.09959938772568232
-0.24131290421623294
-0.28657125280257134
-0.16722700668021448
0.22108925539527613
-0.8430844504136978
-0.0036502418898518635
0.4734141039821233
0.520224700521139
-0.328068450537329
-0.8666437608571348
-0.5941038021742199
0.3243055643084108
-0.2756396675255705
-0.2805377340030853
0.1177681743627562
0.5642448305119752
-0.002608815099161293
0.5360526682684372
-0.1126345127184209
-0.8743227296417553
-0.5087167660295996
-0.5689475820063172
-0.07461278697545319
0.17480165348040175
-0.28487111733165177
-0.2774402740718447
0.5647885649335534
-0.011114150114076918
0.6498444517215929
-0.2038487700211247
0.7106542635824866
-0.5350081986170616
-0.5439534344071367
0.4719764710115836
-0.6673328623470013
-0.09387168955369996
-0.013387290203329991
-0.017676746808510304
-0.43081217400363453
-0.5521105316411117
-0.7054564166990637
-0.30590107121669186
-0.5641184102019353
0.4568375667988339
0.10881937305039574
-0.6572264247285932
0.3797362216756564
1.2298495642341247
0.8516774261233346
-0.6622085010695822
1.2084348735185875
0.01801497552939969
-0.44201464546060815
1.9179430665958086
-0.2620472844670485
-0.3367878236359452
0.835363492058457
-0.03731095256497347
0.05351990201908394
-0.6832245008616096
-0.2879446928177821
0.05147046419113122
-0.25384141653960435
0.4581617737745948
-0.02867761717479997
-0.05136038814266669
-0.26259242279978584
1.2243530427880986
0.849895599617822
-0.4496824593567555
1.2223402325840127
-0.2810765846731998
0.04504171659143689
1.1147108495480804
-0.8514474534645408
0.42689650943348284
0.5993972120707302
-0.18492229112570474
0.07368032592111205
0.055562904110252914
0.3059509668679677
-0.7999402381718081
0.09582411174625241
-0.3070884454089768
-0.995365169987932
0.3298100236158959
0.516903398863095
0.4344674071790166
-0.22943183646449927
-0.3037156634620588
-0.0647897291974423
0.30373912852709306
-0.4564956557857913
0.39709033390527476
-0.3813312869617259
-0.09499582883426172
-0.2777536527652776
0.48969587381713403
0.19463324969739665
-0.2718036943702277
-0.40029519904231486
-0.33146127458075286
0.448363720000063
0.07981738942383874
-0.9693089507907479
0.33725275025833207
0.36111046068492353
-0.20664721900002708
-0.18378752980148336
-0.5446005577282663
0.16755623148282875
-0.17341380222378489
0.012622609755227996
0.14694097413070714
-0.5102988920752203
-0.007434289657859881
-0.04459288042180973
0.00901821033647221
-0.16023930891555965
-0.49670411082806487
-0.2901861665337939
-0.2371617100500436
0.2835735690518748
-0.34486111840553685
-0.8269293137529482
0.5120288176694443
0.21847875301940703
0.4204137366379834
0.22159709772526784
-0.8985542865086832
-0.37804733984307304
-0.41273028793060873
-0.39132519462544596
0.1972494882269238
-0.04803536076657233
0.583568345410679
0.1606933548735632
-0.01923481571481847
-0.2669619852591194
-0.0093231452027018
-0.5327556571689578
0.136262597809032
0.1904008896594565
0.40313542800859886
0.00960247066063434
-0.43081774281124396
0.5471457504296687
0.3639598981697153
-0.32468016632534075
-0.19594897441738726
0.6671963659546094
0.08857688526547251
0.3527211333302834
0.01452717769445945
0.3113641867745376
0.5310993095749607
0.08984730043664722
-0.11532996647744718
0.346659967694597
-0.8508011659449387
0.15239346688439528
-0.29696613833618346
-0.11552725024727835
-0.07254747935887734
0.4457626191544193
0.15408880890542506
-0.5112829777069754
0.4054363321080821
0.14965546281359637
0.60105186494739
0.6051635073373399
0.12326865150776703
0.19269370210631576
0.5533414352060098
0.20114504970651045
0.042157828304315824
0.040105388183335956
0.4069478229178351
0.15213332284236875
-0.2092144256239283
-0.26749672723212975
-0.45635938719195746
-0.3026985242714017
0.07114687723190347
-0.5878923076730426
0.6227078646945547
0.3983002156513129
-0.5299222981414139
-0.08765809099199594
-1.1769342471612063
-0.3642323601084413
0.19571719426616827
-0.20545796344597206
0.22939271390411092
0.3299384222795372
0.6240212000171833
0.08338455933919338
-0.016397176485384923
0.5914256004018152
-0.35902894346229197
-0.1690219472191926
-0.34927507564990756
-0.07537357802030786
-0.4557253654572624
-0.2450367280549787
0.48166091463036853
0.4966334374562694
-0.7009508648888035
0.2563277945572107
0.04858546004332625
-0.9511255285109412
0.4219927206470874
0.30353413139495716
-0.2353207238717082
0.20183400415123426
0.3107074217778828
0.043344128363048184
0.4336698742931609
0.30286903971860313
0.3196563819229685
0.21511464651808584
0.10723367620915486
-0.011082899212226322
-0.25349700522036334
-0.20372944020730674
0.5674626511096035
0.28439787718202564
-0.33414087511945195
0.02219691612173246
-0.2513738133247345
-0.3611454352743309
0.5461039888899809
-0.42516159358109584
-0.5160910235523877
-0.10403721927870654
-0.03508462440177665
-0.1664671031950554
0.11693049099231725
0.3895076714002113
-0.34708551203262816
0.21910168540573402
-0.62590846907595
0.20262848410983222
0.29524541053044606
-0.3142054552257491
-0.3008985076903003
-0.007461889347622764
0.25258302226417584
0.3028300872566655
-0.16355481818708992
0.0954841025200314
-0.07116473315114062
0.35124759654102666
0.6235946834214295
0.2715690061623218
0.317077058377519
0.40638235858568766
0.0646770759687616
0.3843473199965716
-0.3972005217040549
-0.6735290972809751
0.3457378096835799
-0.4757886807743666
0.7749384745468054
-0.3511176585901426
-0.601617762880965
0.360438585715133
0.41061940775707195
0.7916065423222981
-0.17161498337328965
0.8346146665196902
-0.5301075730955953
-0.39569330670659514
1.1970172904261929
-0.12553120111736302
0.34193717052944345
0.35160825013551705
-0.10355300657043226
-0.085489090910334
-0.5449112398382555
-0.22760293410741572
0.20827403617435125
-0.5540208475472971
1.155701972180483
0.6599880530614208
-0.8244577664234684
-0.152778427450108
1.8897838774898146
0.7123543864487456
1.1779624776566728
2.122973540325633
0.31686901883815455
-1.0099515347441617
1.5597738684893752
-0.7163516876963426
0.028544900162612644
0.7578816020656152
0.31973759489958553
-0.8490552699884016
0.06561073519625417
-0.6190219792517568
-0.5657833928300272
-0.3946840262468879
0.23560125870866988
-0.46290564948656104
0.016307842405593763
0.11744844508295176
-0.22905857607895433
0.5080504153811923
-0.5775216061874068
-0.0429765274320072
-0.06011539066017402
0.1574526395868953
0.800641864663137
0.12206587316664487
0.4713554894763378
0.3646273311308449
0.33382013325145676
0.5021324146157832
-0.744563209118745
-0.19354288392279517
-0.8318899065173541
-0.5629985706153472
0.41459387926212665
-0.3885300298392048
-0.19385628074575625
0.5167362018570861
0.35470392171610776
0.7683907991028983
-0.7541456181696632
1.2419691546291718
0.1534617445726741
-0.16046079018865594
1.2054410944707339
-0.22161541366734136
0.23772843106565086
0.4700324015014064
0.29034317201123505
-0.3241538714269466
-0.17747716782965062
-0.32400378504474764
-0.39876947004513397
0.21507125887042794
0.2897140156169605
-1.2659612932502273
0.18920381859652138
0.6048042114604073
0.44609690032120725
-0.3378560287383355
-1.1205740468245935
0.39115000561107544
0.4276139493615083
0.2218694455710889
0.5659983845197821
-0.366762053531172
0.6389299965665781
0.5412719971584261
-0.0051685670733124306
-0.35128991942754634
0.002238316860961649
-0.08052538627413838
-0.33999605416173123
0.35145385198793433
0.016061112085973675
-0.7555069786041233
0.24046186794750848
0.5417013351604585
0.1528492681232529
0.7167685492841531
-1.1804485538315688
-0.008045256284731921
0.11891832647960977
-0.48472409494107593
1.4346380268181715
-0.006682105579003473
0.31782988481031993
-0.02261679060914835
-0.025514123966553344
-0.03839238075678233
-0.3069339224458819
-0.4508846791881508
-0.44992276324528513
0.09306947029637873
-0.548585625396489
-0.3912198272696628
0.32807173055306443
-0.2399493324313867
0.3125791741368584
0.564705327818898
-1.0150117929358116
-0.5020823310903332
0.22228687098841413
0.02303690482811867
0.40151162760617803
-0.15199338966685708
0.11888246417328387
0.19305819692332699
0.5545879243101086
0.4731354462211603
-0.9773081728373073
-0.5331926552506168
-0.42594821279323863
0.08097003370081782
0.30500276335175547
-0.578158911354928
-0.09558308502058777
0.5429313685697769
1.2021303989138465
1.062020961328499
-0.5999466637370239
0.8775873721384129
-0.22285974405358788
-0.602830613979636
1.760611775094338
0.031142327133550616
-0.15862116871792778
0.6962631823106903
0.5032956211801207
0.12001862523008655
-0.4777989471317215
-0.22192626005169916
-0.2743167219426495
-0.22934309686508125
1.1818015938206832
0.2539743003297399
-0.2605221307808577
-0.13985975779167603
1.4335374939639043
0.8857123619098194
-0.1486803507464321
1.911879594677492
-0.1755696183868391
-0.15304163867462786
2.195613400521794
-0.6450439804943479
-0.18603546182629158
0.6315528928263119
0.4147977208821893
-0.48035241480783414
-0.6240517850326802
0.13668798256513895
-0.34706498693397575
0.525971177564542
0.2673812704206455
-1.0917241240852817
0.2242611210718106
-0.16740725581358507
0.35292080609143434
-0.11834993860315761
-1.1526218573185603
-0.017603262034893055
0.4070359431776595
-0.1949011914066352
0.6251249202496573
-0.07026099759690979
0.6694473928201823
0.7146764803219311
0.19510320729329814
0.19060659607140065
0.24765944316005578
-0.06346754498601397
-0.22366667856244263
0.6424160170343322
-1.2567061195071982
-1.6855150023075651
1.1307155496348495
0.13912028866298118
-0.6279590926792794
-0.25094455893877354
-1.9472163662811275
-1.6747975337329097
-0.12037714104786741
0.3402365910082981
-0.1648392237560133
0.1550549088258697
0.05547017619300408
-0.3868474292997744
-0.11199089662587305
1.0128347008191596
0.10715080500419613
0.5104808263056537
-0.38695689771033986
-0.3252490359285107
-0.3466119942050259
-1.4151834633577915
0.28973643340852173
0.39486791784124226
-0.22208721475962934
0.08348586079953034
-0.9478477108043398
-0.5009254122720812
-0.3022457920948891
0.044161731350016414
0.11286338341071382
0.38230814244696987
0.7332799681307018
-0.012059213985227395
-0.07724062620424987
0.6624616306651617
0.3859753137128286
0.15255838756860518
-1.2166407992814126
-0.12278889919039025
-1.1850188954557488
-1.4452150439642932
0.9992928869686334
0.20994063657424086
-0.6934244923931847
-0.12908944997953864
-1.228358763578948
-1.2275734681830521
-0.133395495292696
0.6500149508107125
-0.2621549598381487
0.2537083781309154
0.3389590003265735
-0.600300627052425
0.03176476226685539
0.8147803256510302
-0.3243331430048685
0.293858027485845
-0.888664080486352
-0.34846376307647986
0.18409918957646726
-0.2953574042051916
0.6835780498557309
-0.12185487826730959
0.5266352442729244
0.46644940788011424
-0.6955585010997504
-0.45740543495666397
-0.054560314466443965
0.07486080761367453
0.5157425459146845
0.3760861197970638
0.7297974387715047
-0.4178353914852429
-0.010799778079648548
-0.15942354523547372
-0.03694989290175516
0.43126479032484943
-0.8189315154812021
0.03195735873293148
-0.33223376988407766
-0.5891614227388972
0.4611764352654372
-0.0936316281026503
0.10743332920593747
-0.226033399123247
-1.3283287606411072
-0.9203900734645388
-0.3415690382895627
-0.26233767620770176
-0.3462296364715738
-0.07152536079806612
-0.08933692183061714
-0.5664927864305983
0.21283656862613734
0.7432952208474153
0.062122826199136685
-0.20776887153308232
-0.37104256256342005
0.12292267718929145
-0.13006139379388051
-0.7667804068800081
0.42618008314997174
0.0030019572977468246
-0.6314953977696744
-0.15086350898337675
-0.39962975622452335
-0.2222316281095939
-0.1987558858427778
0.30613329639795067
-0.5287335423756679
-0.27669856405852417
0.341285934890536
-0.7094337185365102
0.08842953861132104
-0.06263801398405848
-0.3599952287207477
-0.40043569387823064
0.07027785172574387
0.18616529064100681
-0.3176261181928891
0.18957679158719146
0.1164696931007351
0.2548685855867681
0.08383527646337631
0.3537212768754747
-0.48181444219306335
0.10236436949246712
0.08317145487289457
-0.33548112147031406
-0.4949772108678645
0.02989831819171703
0.11376519851623505
0.2787065503777507
-0.3072140057026098
0.5892864284612156
-0.3710964931550763
-0.5402174282077311
0.08594504622125372
-0.32285788720395575
-0.18997009263197967
-0.4077093489541506
0.07883918386083079
0.4320162152617782
0.18392595414259555
-0.1715997182563552
-0.44697761437747086
0.22713274445802076
0.14840900570085172
-0.6070503901072011
0.23550799372381306
0.047273236155547835
0.4631164158597868
0.09299069084814093
0.3052696303231665
-0.24075754420269216
0.26304740109325786
-0.04834060902249583
-1.1477394456196788
0.11459215611937563
-1.4328471855812233
-1.4638553478432654
0.060596927465734605
-0.18429464089643866
-1.2131244794062066
-0.49670372534552537
-1.3170006525696518
-1.5578921055292452
0.40573813137175774
0.3632894695709616
-1.3854172330794552
0.02808611691061224
0.3387627509048329
-1.0025638346839676
0.13680298156848422
-0.1025093200713409
0.5135892817977613
0.63077652626158
-0.26540797143433126
-0.06051423979191035
-1.2503224467761394
-0.151345638643879
0.5131633421801054
-0.06375498108121419
-1.553265320000215
-0.9985772775548885
-1.1996146901682552
-1.052291109694912
-0.08927537839044118
0.1898613658116144
-1.404282409565738
-0.2595428956984254
0.27203802947314043
-0.4514469552031739
-0.3147660677590052
0.6476051250808718
-0.30291599161345223
0.08727097623342839
-0.43156817905555483
-0.14213614163723298
0.012007784405642041
0.540475550586185
-0.2571070492440963
-0.07422926494485857
-0.5993551546618184
-0.25731305882216887
0.20643438891184396
0.25381795246801736
-0.2094828255875597
5.37712636002748E-4
-0.7514922298525124
-0.6622388503510757
-0.3919795175461792
-0.42749450751879237
0.20555115116921568
-0.5201430059123977
-0.01780386487395157
0.20177276147911144
0.4386222905282479
-0.08414048098497645
0.9390025522531489
0.7632441400101586
-0.7346583966537187
0.38268300760935925
0.905490942092829
0.32844785973860846
0.7951154440629153
0.9428555437122301
0.06071431513799092
0.07970492493097736
0.6640356666830973
-0.2667590819567148
-0.07577526877415654
0.26495492703252627
-0.11185037238160522
-0.6686624808466588
-0.46769472850803095
-0.5869372874045136
-0.351497734197416
0.09645950986818759
-0.2427276475689704
0.21674773627407654
-0.0857804546699122
-0.3203811680329636
-0.27232166826608767
0.31605279410338977
0.16709996368020275
-0.026614897126456864
-0.47182071514572027
0.034680566748373526
0.21069892823199673
0.24153291223636425
-0.2607964189502267
-0.35791323216025905
0.2122831028542887
-0.2934705627744464
-0.6779952545412881
-0.3765719704564391
0.7655655253218981
-0.6230035307731371
1.3144905770592867
0.477272445781122
-0.3604363569204146
-0.06495893307907329
1.053917232481233
0.22338860829109797
1.521836340081408
1.6122303483982374
-0.17903858362543804
-0.6548874287600362
1.6068464133202789
-0.048632573917782446
0.1029818548096296
0.8713871213489758
0.26961923091223816
-0.9289285405326988
-0.0360832488021102
0.27005928607919516
0.026559022054709024
0.016669032177317196
0.14829692465957173
0.5145563986909432
-0.4566479850104761
-0.2756872282354346
0.22165403030514566
-0.14055869175970065
-0.12576916682969796
0.9253041709785542
-0.3876235008027237
-0.2963882483311361
0.4547727214962742
-0.47569428176885625
-0.49429527661623524
0.4156799423739518
0.40984541380777123
0.04466329345049141
0.4042226993738991
0.2747936784976087
-0.17960044093230426
-0.45757010475540877
0.028082518314279055
-0.24959825154643905
0.19016670586565113
0.2929151447177737
-0.447600344324396
-0.5010600352897319
-0.3901969677406389
-0.22664647925865447
0.5118041254629287
-0.0932118058290616
-1.1113792017255764
0.05329738142143269
-0.18307599623878476
-0.6375791298600204
0.4223359354396021
0.33641646988368656
0.5257000480331496
-0.2547795815952897
0.3209033880096774
-0.1739514160764524
-0.3249745833695031
-0.2895335604433417
0.33745873077354044
-0.12163832313833421
-0.08449305546283213
-0.5249661612249709
0.49502391117819494
-0.5024993033879189
0.4818429761938016
0.38432563509809686
-0.30940864094037773
0.3466136694686813
-0.23274000475081014
-0.49826563782442373
-0.14865886952799906
0.22737442205583325
0.9537740522774436
0.15925952373741856
0.24441225500051306
0.3873597058421186
-0.8188024878746281
0.13482091549274539
0.23154262545562604
0.31702857150926256
-0.35456649445682265
-0.3243532895257243
-0.5674046413418451
-1.1066346038523736
0.5533646477975074
0.05506924383945085
-1.4281630144361959
0.22208003713068655
0.04248717359853235
-0.9363496261083432
-0.359306191330963
0.668888570305581
0.3749958451167959
-0.23121015606248407
0.19304917886629733
-0.29348155447380075
0.11649660457562394
0.21528055102826882
0.25179421149231723
-0.32308378866258414
-0.32826679790731234
-0.35051496779775015
0.30722330772677076
-0.08862432453555442
-0.2718189583618639
-0.464986146454993
0.005347037415852064
0.10105297918767092
-0.4114517065967995
0.5745846959137137
-0.06548456381930745
-0.09144297374337587
-0.4415744648711923
-0.07791950572285168
-0.14971303607341668
-0.33017199232709893
-0.05363203830750205
0.710023889428636
-0.5647252577947302
0.1813826167906154
0.13197958287550268
0.19579711078943807
0.5321549380992437
0.5256251277991171
0.12334879358677729
-0.23883860401690396
0.2965627338651747
-0.5194040068832937
-0.5877840687258086
0.187024230706965
0.06161507159536546
-0.6427028497852861
1.2932126989485817
0.6902810795838423
-0.18118827327215623
0.15832783811860748
-1.354501456865499
-0.5854970785526936
0.7277981261959193
0.6009157183584459
-2.04606128529676
-0.8879992876639833
-0.13911710842442995
-1.9123852846261122
-0.07610928802107664
0.44525956270491507
-2.401306103463946
0.544902899730818
-0.3968678780956244
-1.3161369438930735
0.5287649062375729
0.8141018725684237
0.5520648050549332
0.11775186432311305
-0.09646374705099536
-0.3190346512897411
-0.9992936829309682
-0.7393601596065428
0.7447796715077659
0.5141901422697439
-1.856087496976264
-0.5692855470932144
-0.1272276062195216
-1.1888136974273542
-0.003432013631397022
0.16631436632355648
-1.8147659534599896
0.41988014739696183
0.4929620835371231
-1.309699267082604
-0.050264532003665124
0.7474417420793934
0.40366898948315716
0.18025777363126672
0.3371429480451074
0.5618251416384094
-1.0273594233697039
0.2042866036579741
0.8043022932711076
-0.1960656690666347
-1.4787101105875269
-0.9458714373060686
0.22862146633604827
-1.27683931301
-0.30495105133013617
0.7535891436455486
-2.0081960594554538
0.058858679714011104
-0.03190125522036781
-0.5760393694869089
0.19797196112490473
0.4264524861655561
0.7771403019022349
0.345478896066078
-0.015049445083715973
0.20305417591825298
-0.5303861056749548
-0.20666028642362363
0.5878246362844661
0.02025937690875264
-0.9442334973926855
-1.064335804341482
0.32002078895170566
-1.279927706100556
0.43197965070213956
0.5715844866128659
-1.5893500604888064
0.12742174137116313
0.22838009256926903
-0.8675457837599134
0.3743809762818798
0.04742584809999339
1.1600361150338725
0.18371775799239354
-0.09527654670135337
-0.057522752920748633
-0.8968196520949754
0.8248439452084922
0.006207921265891036
-0.17513825854806275
-1.1379087843513354
-1.0115808183797528
0.6199975971130601
-1.313179844330502
-0.01815115180992161
0.5838366625507316
-1.8825865475649304
0.2360639607370738
-0.2870318855941358
-0.8268822922485252
-0.09741363863009202
-0.19561658353043376
0.43498293650383946
0.08408211950548261
0.21313862403007067
0.34795041629638723
-0.9354212774542954
0.29773573419968485
-0.028312896872813294
0.37704616418213777
-1.3620684026289942
-0.28855145245250374
-0.3557094983290841
-1.1820592420064495
-0.3484855639939329
0.4723084612948359
-2.2270923430056815
-0.1377962003629662
-0.4791493437253877
-1.0172614160500588
0.41518999504966214
0.4911740192382168
0.24438769306646876
-0.6079765374112376
0.2342572281163754
-0.1584007573609849
-0.007893181566056505
0.06362605203377728
-0.4117117592681972
-0.2455037119609873
-0.2824285824003078
-0.2672574625757447
0.12464384677931935
0.6213225419080934
-0.4801428809983852
0.18898677797606236
-0.001463884549831556
0.20875249073654703
0.10693954064337531
0.39410602133951744
0.2813115423934673
0.30433339577763197
0.6824717787788689
0.12568431803977323
-0.27712916049253233
-0.4578354857524597
-0.8400909605705603
-0.017983706532417154
-0.4339274366953804
-0.007862501863500395
-0.545944055407122
-0.6947989227019293
0.12631738151783792
-0.8285799379588041
-0.09132632106427636
-0.0378786950667015
-1.1354340506429408
-0.5463954139088055
-0.5251606423096833
-0.6560778833215122
-0.34341298009115334
0.15063502525637007
0.5827252745003481
-0.0443673150538577
0.17007433230990118
-0.2093451520193155
0.16167048851067894
0.6173693072628215
0.20074602401980723
0.15322853662466554
-0.8474680713260456
-0.30540122745311177
-0.2164538681213224
0.07513641107477322
0.29293643544610953
0.21116367252663612
-0.5799411138268971
-0.2619069560632622
-0.04394257850929483
-0.3463717823327978
0.2104647719908642
-0.09545517266126154
0.9455577845998807
0.5311929416812253
0.26104697574917823
-0.19312785578319658
-1.4652820664396684
-0.023499110099210126
0.2307997174548059
-0.2609154836783172
-1.2093801371079957
-0.7265025391573847
-0.49803383514162214
-1.7489328544741911
-0.015708075216669986
-0.12055080330570342
-2.486973838052605
0.4612773747598841
-0.06255760178952932
-1.216128475951199
0.1255811256410869
0.14656321965588656
0.3340717637886986
0.3418949179379317
-0.20639397097431178
-0.20313384999050557
-0.05670161702523199
-0.13051373914382441
-0.727017912859424
0.2165406757162472
-0.10222298708709843
-0.4035597615725635
0.16385164532029736
0.6464637868289013
-0.2956417986518302
-0.6636925112446503
0.2032138699880209
-0.568122142469904
-0.16930334517499857
0.4939087075053441
0.06583151037010286
-0.3522228255278755
-0.43319547356852356
-0.5488233421166063
-0.20324870380240445
0.07707808066249087
-0.3478505708038708
-0.7583239281126095
-0.07115965364284901
-0.10131596552773253
-0.5879192462074393
0.002664749142494655
-0.3235062646135977
-0.009518411470248312
0.40202599423942637
0.18397350610316374
-0.3395097586913779
-0.5397971882272173
0.07202838699788676
-0.08120880193705969
-0.05795378841472984
0.14028012839339615
-0.8328939333967887
-0.6380380199055592
-0.2519911942447621
0.006181708263351905
0.8575398924712049
-0.5180871710374183
-0.8808617174532537
-0.1418800927210364
0.8047251683408352
0.5131323382689413
0.13037791384446468
1.383912763295829
-0.31780254633500726
-0.17114395948886452
1.216870202827292
-0.15883708193617058
0.2735426281708967
0.8880473056070436
-0.2653095222074747
-0.6629504813194539
-0.40806000890215155
0.11386596440801648
-0.31037167129999405
-0.5148936294235573
-0.002468537373894842
0.2837316145841434
-0.5639349097534412
0.4445815410895268
0.17036111548465732
0.6179679247946702
-0.4979271025293593
0.8099788283009355
-0.2781215414969627
0.13427634238367314
0.4678531446823046
0.09462580562720893
0.26519391760019917
0.6640446232323362
-0.2203099610872934
-0.35573968097544995
-0.6905863087554105
-0.49532280557523695
-0.0656210155918091
0.3121682628644771
0.3774681246236115
-0.1738007199560585
-0.785918793077132
0.48025209828400695
0.8708801142979603
0.2333529197578439
-0.3488669812275272
0.3855338716748626
0.27416658245704423
-0.3539288971142485
-0.07769111460843145
-0.6908020703561305
0.2758812727407223
0.6940463133667532
-0.3989115043435054
-0.8370666987488432
0.3274513396269391
0.03858652830225877
-0.2382708919398065
0.008221861326612774
-0.06905107128861644
-0.7981963537481396
0.03169813208468466
-0.0420238243623633
0.508107924411845
0.3242976345217962
-0.6622320684807854
0.012130649919571416
0.17606348388455614
-0.5997703451058954
0.19910990848901966
-0.054102272024416045
0.45649871068240583
0.33782454791980776
-0.2835579285424508
0.09295955670408172
-0.10544834233431256
0.4148161523283374
-0.6597212431571368
0.15652991202953648
-0.2621941824412292
-0.6500163415851558
0.4477644092165285
0.16844927468341755
-0.1271451300189367
0.3067578520573469
-1.2064177059229413
-0.8820669086334522
0.36244439122752586
-0.18515622038908958
0.02165638408337188
0.3024777549253927
0.055509212522509684
-0.3392667484123194
-0.20838510389773734
-0.41574925854410566
0.014152655420798325
0.44956877388621225
-0.5974894143597239
-0.12345224082782819
-0.38757826909977133
-1.798059639644369
-0.010415993577733757
0.4931244974193828
-0.2183965089840578
-0.6223577632527899
-1.6072189405428254
-1.0478585839164556
0.34561762365173626
-0.23941221421551565
-0.20495465476072244
0.19773743710531205
0.6073146995333509
0.14870873905241416
-0.13487737313770398
0.21401508943860625
-0.7944106788592417
0.14933411718530137
-0.7030678045715347
-0.004420045567379606
0.7027327929170178
-1.0989596903677459
-0.1643107191960028
0.20811370945682284
0.8123910017006094
0.40637802916902593
-0.9428161999279427
0.34407081095205116
0.21743468060951757
-0.3591376758744266
1.5270842515487704
-0.6296539377664038
-0.001077824987468681
0.947705694370432
0.08443265997932699
-0.4677732605840547
0.10529328417750625
-0.12577620301248765
0.09084230712467294
0.35380040974383026
0.12067372712210431
-0.05429808734578573
-0.436008218423098
-0.19540815574108056
0.8971860201315752
0.4162948153437081
0.15096735968407535
0.29953421145300774
0.17087528519862655
0.230938039270383
0.6343059914940691
-0.590748041549946
-0.36098255805575025
-0.16556382985392007
-0.3167835275029936
0.2640082798216722
0.2617578039513232
0.4877795623738658
0.2072283952757957
0.053249379327112295
-0.7818308366084463
0.28185695081632534
0.8000158779099115
-0.184741728537495
-1.2894637318063336
-0.8393189937246038
-0.02933149265835752
-1.1319838129980155
0.011242109807133647
0.6444683074687134
-0.6762367418708894
-0.12559228983200962
-0.3619405119988292
-0.474270829595251
0.07359212426010743
0.7484771435798008
0.9509257324802808
0.6391204819941997
-0.5479961350634799
-0.12687348044840838
-0.9353206634737398
-0.6139812527641899
0.7475635610203734
-0.4255327770232531
-1.5834418242513035
-0.8676382704604164
-0.02089379046707579
-1.3767729349257332
0.021353168232649166
0.5493546188526933
-1.940836009312868
0.7205567038051326
0.08200199044523775
-1.223740009524572
0.1630370911927663
0.11188176185327003
0.3986238149196264
0.6436079608044705
0.048034949714543175
0.6995908526375312
-0.8860479356437829
-0.7704092414992554
0.33739122698383933
0.06945476537113451
-1.963035617710163
-0.490125811591277
-0.3788805805517944
-1.5642848762820671
-0.22748950901783907
0.13752869579603377
-2.103161598704384
0.2895432793695854
0.1370683064444198
-1.254749121989454
0.129820488085513
0.6124251880333327
0.5898123149378165
0.061938663772619765
-0.0372492155556762
0.3234690734226492
-0.5028656850466164
0.4774352111093754
0.4885653977363576
0.0588412917458273
-0.13129201395676698
-0.15297706733157757
0.3190249955800113
-0.5483346069473631
0.2833726999857224
0.3618659299578212
-1.0991727859359193
0.250148257889657
-0.4611436695570655
-0.11652017911169192
0.4004233891897316
-0.15340035086059498
0.273129435172005
0.38669581324972657
-0.31394612033350094
0.2531071751877245
-0.5505539441953187
0.37834902650088487
0.13022793092449245
-0.45981932927360963
-0.833328163429652
0.17955042744094246
0.11764246539659894
-0.6447733825237209
-0.22657790597646665
-0.06646602765654773
-1.0990957908837824
0.20301656483277608
-0.28378815480247316
-0.5513070455284229
0.06268128579238628
0.47036502927277707
0.13370199419541892
0.30361847879282694
0.3371396989339375
-0.12531838685180138
-0.25550409611108155
-0.05285833496375653
0.5412311707858763
-0.09650279639530328
-0.3160276163473776
0.10868257225679154
0.37704905505216657
-0.23821569906090495
0.1670693646784175
-0.23688505883345465
-0.0973682931572561
0.35075749509817816
-0.126757405770897
-0.012111190423350487
-0.11371778723462177
0.14061011548632654
0.3428497652459939
0.501663678115401
0.25452784394002875
-0.04042898501951514
0.05022709234411569
0.26634456424675523
0.5201313758303932
-0.2595209377534242
-0.45847250741623596
-0.6015974334854222
0.3737865296833971
-0.9665777878081294
-0.371322674357408
0.19914644205686421
-0.45149149976819786
0.5348232549715607
-0.12348435152932326
0.10220739751663242
-0.306546537699831
0.05284326503274656
-0.16827389703966808
-0.20571949517961563
0.519021593808243
0.3592955760045725
0.38095294074884867
-0.11911806707094484
-0.3451352722189966
-0.28028801559596617
0.5762183530474552
0.34052157743724526
0.014408000212643782
0.4957085443144426
-0.48413575995227237
-0.45946992140696696
0.6477979329972825
0.27619776775574495
-0.13970508763626152
0.337216885086719
0.15890322719457883
-0.37256590621739244
-0.722652414709163
0.19707511805450456
0.4186044349516556
-0.5769710499411164
0.8230207186743477
0.8689715754712254
0.176993014122739
0.006057429359146316
0.23636988564994627
-0.12089182247443861
0.46675045026413453
0.7765712575221934
0.3207130502666666
0.03675909856810839
0.41596732980863826
0.29595476404266874
0.10597586214171506
0.8330275155939483
-0.40947151706209406
0.24276859055517172
-0.5994394484515836
0.1391696321687365
0.2769022001206838
-0.13231948832054696
0.4458691024971676
1.0488617298844527
-0.6979833489129831
-0.6581067978813021
1.7301324834989424
0.41470139124525135
0.83516044041177
1.7140067731194724
0.15252962273843756
0.02679398894634917
1.7297493358124965
-0.07834991693958804
-0.2719654603608386
0.3769195235662688
0.36893494608903643
-0.4920814308877707
-0.8944197360398481
-0.28471645889041836
0.6738977761555904
-0.03200302608876002
1.1541104013545698
1.581717891254216
-0.9717665182427195
-0.6927482808261143
1.8380702451158224
1.4754665095875867
1.6036777932711068
2.608519590020386
-0.40279478718658757
-1.1061913164828265
2.785561931577382
-0.3515457782579186
-0.01016356063136303
1.3373496965685736
0.09930897835655389
-0.4793133651566821
-0.8362567663988781
0.11913918923261027
0.9488312516298995
0.020496751509992153
0.6783978487216885
1.073651638600826
-0.7793068192244719
-0.11499166270132329
1.2685556313180313
0.2555973673813218
1.6702737327904746
1.1661524804666956
0.15281105131194495
-0.19575260590585122
0.9324743299785864
-0.060220000255995575
-0.6426988562154504
0.825994992941995
-0.04579336874907775
-0.44595210331840823
-0.7935047063294649
-0.17259197446297173
0.7720673848486097
-0.5248808553805157
0.9182583423312638
1.5004152463199596
-0.5518418548794558
-0.006706763691901039
1.1314320375885631
0.4507341372210176
1.4475178079698914
1.493416021131331
0.24711158067059277
-0.8571848130272514
0.7757067873747187
-0.09485641486042393
-0.19618822522053034
0.2431132786598757
-0.3108985190464734
-0.20358594482636985
0.40378544712007425
-0.08830890652475559
-0.12583388462353168
0.0017336266319565965
-0.16860568412776933
0.9001340400696864
-0.5160898543984545
-0.06647502367727245
-0.5711356874365783
0.08798366290426682
-0.028475575885795537
0.11225644685600808
0.15683008014705102
-0.2773146937714656
-0.5133773760388617
-0.013993106829711117
0.10089466038768322
-0.5578175982100642
-0.40273839952696094
-0.4945334220319248
0.8729043757473125
0.4336120174187872
0.43244076120685254
0.40729335045084075
-0.4626419079720036
0.06541196300015664
0.5744297185604729
-0.07816621405893774
-1.4708760936412033
-1.1507355986345684
-0.4026867289552383
-1.3439706726944693
0.24330498379043486
0.6577618053303572
-2.25135970322664
0.5120255141688241
-0.15979549999935053
-0.5144597494378211
-0.4083153401611004
0.3546642589126506
1.7054231385246268
0.8884641644066247
-0.6447163321343361
0.7728756315609504
-1.8317199606765373
-1.1377139079968748
1.4446370232067929
0.40027842043371836
-2.5127184039862285
-1.2772003786681005
-1.5113578915495705
-3.3053389081162976
-0.0019030663968900127
0.8844801160022935
-3.460130412935374
0.3878232426874158
-0.24473604533289625
-2.0939738194109303
0.0010374060093258247
0.6880478590290009
0.256678929291281
-0.1353462380353451
0.1557123077868019
0.12362675489388084
-0.2653749749082282
0.41188014446698573
0.4429905154361385
0.0043301327395646105
0.2285488121773894
0.2928888911480348
-0.19999205682319718
-0.48267164353308845
0.15000012724139403
0.47860804380439753
-0.08874008915937713
-0.4664258562697221
-0.08783054596135444
0.37091617319535175
-0.04784839348670358
0.33445666047593475
-0.008587234491427176
0.03450408622074047
0.2313470489801318
-0.2073240327351672
0.19560064080145378
0.43992152472515916
-0.4220871698930691
0.026284330355538954
0.46157710018264025
0.1031837370179422
-0.4040799010311713
-0.1824024191150555
-0.42908553584506337
-0.08699689189335941
-0.09625611283780589
-0.2924727147362791
0.07215000768808333
-0.452367071183181
-0.27951439923793486
0.4452476789951358
-0.10145582715924395
0.4789907322145351
-0.2564864728097806
-0.0922855962011801
-0.07714688584559137
-0.048547269877942834
0.37160880985804423
-0.4502329504060806
-0.10660985325291455
-0.2919600734431
0.21761308859807854
0.303511210259905
0.049294099723839524
0.10278543572933385
0.1402547012706602
-0.21763464575759073
-0.48269517892791025
-0.3677538565002031
-0.0043279106372005605
0.24773526936724916
