0.4897051268974701
0.08112200987024171
0.10188704104498414
0.4297644827392155
0.4382359526576654
-0.424254874905262
0.28983312848356596
-0.028621977508965002
-0.22248868537266064
-0.2133053525793701
0.35657162256191677
-0.014347110053324896
0.3739716440823839
-0.012669005423755597
-0.1156338849252232
-0.26987649568502076
-0.40320840125505725
-0.2948559074147251
-0.4339353519524801
-0.16500834234800593
-0.12700839688584623
0.290410621655291
-0.3632357241714912
-0.47005917050234325
0.4920004373068455
0.0020289527183780637
0.4117862689792317
0.4333847016331953
-0.4169875399904408
-0.007723071594796977
-0.2543189137230856
-0.17554694828026707
-0.45559116359437335
0.022665603228317597
-0.035047656411358444
-0.5012474746916548
0.43833425577807544
-0.4346738470272823
-0.11764430018610546
-0.13626515043092144
0.003420223456128498
0.29880156091477117
-0.2206947557877899
-0.1800045775771211
0.494438709850979
0.23741361568851063
-0.09245261407650401
-0.3378377693513745
-0.42663560933441147
0.034130030871183936
-0.026174358125481967
0.3798309168447524
0.2929224200715657
0.009203698999695314
0.10245261053904198
0.4286709666831784
-0.5095891950976841
-0.08328876530404329
-0.17229468719513832
-0.12069987293828756
0.007311887435184807
0.9693773058203112
0.6934871957877371
-0.4525454816637366
2.5120475529485384
-0.13227800026439038
-0.34188594454016685
1.9374077784610286
-1.1554835507160035
0.015026011453859598
1.0323942756143432
-0.7613148521151053
0.5921147190100973
2.707969771530873
0.29740920273779564
-0.32474334832251006
-0.7410877886305935
0.7600546134728042
-0.5314378826003915
1.9199736878011733
-0.048484768825415796
0.8496725548838968
0.184581887325246
-0.3357683297056909
0.1551799870787915
-0.007117030260272753
0.6741163980613042
-1.2873277272810033
-0.6677944829319077
-0.03926872715463228
1.387807280435357
-0.7593278871513927
0.03647383784867304
0.2669875661709536
0.4907764508995975
0.06162039344083331
0.4486105653884626
0.4957160509370703
0.3872124024283209
0.09403999148193563
-0.31956107527166616
2.162781342932751
-0.8906336825158351
0.8437964021526163
-0.6172788766277711
0.53091542119203
1.6763900650782035
-3.272582685141704
0.5599571133486463
-0.1668546362669552
0.8661498562138901
0.3674023154607652
1.039762241938321
-1.2637879010385002
0.5934361815250941
-0.45897995842690653
0.3298787206421183
0.5637299407627975
0.1453058886816837
-0.34802746722341776
0.12905341237277249
1.1988529466909021
-0.3398232752256597
0.6451225241288933
-0.921741234634114
0.17503724500012566
1.3606823022401529
-2.286758136422042
0.2734299525069404
0.08631532957497029
1.3142890857943075
-0.013535860203234195
0.8416710032675714
-1.9704623446961034
0.5180780789851482
0.3312365364087947
0.5169915766070765
-0.21059725576550292
-0.11591569649691817
-0.5625190100519056
-0.5059856869211916
1.7068654428525558
-0.22770288352535165
0.18842910183749711
1.0103253493564888
0.33001685865559116
0.46328961012239606
-0.22801331126668203
-0.4392232496522946
-0.018341143474079755
1.2531489180948008
-0.17791979673959082
0.4046608361951572
0.4829590693348479
-0.38467750615169005
-0.4661873062141429
-0.16347433924414928
0.1612586636577205
-0.12700471504733304
-0.16756581741642568
0.28154069005404453
1.1206402296801463
0.5171297907605404
-0.6885638834721037
0.7433257697776309
0.43250461647718086
-0.7437550117274199
1.3304978365191982
-0.22937226640699465
-0.4130405630484702
0.6356113820336426
-0.7242909442659825
-0.06227362720082346
1.0214509810900827
0.002685228843091576
0.2867632387080553
-0.19255551632604356
0.1659322785676634
0.3450170789687802
0.23380625054403148
0.06080964221682133
0.46351133446912246
0.7292538945717084
-1.104173264638406
3.1014018047592478
0.4007225680230459
-1.2898207397723498
4.017469009614753
-0.9820778938370152
-0.5170459510111646
0.7847605713028478
-1.3783829985467035
0.4195489746879438
3.5549848099696724
-0.8205189708674724
-0.29598729514673355
-0.38244215461209874
0.5437168157065961
0.22870586666345402
1.5667223509412969
0.1562702544529529
0.28814037107759505
0.5773590977470044
-0.3749777276781082
2.178687050354216
0.34108994180781893
-0.48987304242241964
2.151628003499993
-0.34171211423095854
-0.23122035328968882
0.6724133236969815
-0.4466933938622971
0.07463608783473664
1.8296864873911158
0.14316237657597802
0.03852260623864901
-0.2733646024707435
0.13795411646702843
0.09408425204769727
0.5029292449796546
-0.3368163046756369
0.36927057392706086
-0.0770261226725508
-0.41909952438953024
1.0328900640093897
-0.3963836793741336
-0.6971534838245894
0.5178832092806197
-0.5790247962208577
-0.5180795722226784
0.21845453180492122
0.05452224471405853
0.3689558944468831
0.24363946066688313
-0.6121803011841354
0.42307943722254104
-0.07397832927741758
0.18783061886451857
0.28735841794160655
-0.056338640073981615
-0.31393328476162313
0.960362884480401
-0.6046892450129224
0.29413912683172966
-0.8323851983740971
0.15509787345520143
0.12607003130736041
-0.9399730339270096
0.11575158184673452
0.5345602443596781
-0.06254282660542085
0.3500819218040608
0.43158950905280075
-0.990845282637742
0.17173575285121617
0.26304883078682
-0.21703093727483747
0.4909172439327928
-0.11189549268200719
-0.04255563125193629
0.08394595495586998
0.2600876780806581
-0.3517644830393635
0.8228809286952549
-0.8645680956353602
-0.323164537675547
0.4961506040564006
-2.0929558815425007
0.7497270470778973
0.5669141817977003
0.900726874884292
0.16497805711944946
0.5279340202509971
-1.6372794212732125
0.38297016935618977
-0.44643413583151287
0.20953255769372164
-0.42105235298325777
-0.0866675537108732
-0.738679747506599
-0.356881701894013
1.0809751429343588
-0.5082732574379479
0.4027213299509716
-1.2669571685138723
0.23401935212071037
0.8081119610174005
-2.820882650398173
0.15679892803023177
0.614804531070125
0.18183740698463577
0.31388611990286625
-0.025381741211518198
-1.940606066658986
-0.15659467016545642
0.1607754360864912
0.43371024188030716
-0.33428855692405407
0.33495679650049015
-0.5843942559807607
0.16463729786048417
0.6273182748085243
0.1096982084988266
0.38815456911432966
-0.40000745720689634
-0.04131771496152686
0.13402503470089996
-0.8190968099088577
0.08826445948715618
-0.25623686519434724
0.4546032603439191
-0.3564392530589733
0.4383460065499078
-0.05628255989102384
-0.29569357204093044
0.1517544108812983
0.3365644364851973
0.027237071948412205
0.24876627694821282
-0.5720702837896405
0.1772351600383374
-0.8949018936543351
-0.02963527211466678
-0.31741077667284523
-0.29151608424648534
-0.10991181407403021
0.2402721124970535
-0.6164119092965686
0.5473853890916992
-0.21304375472176293
-0.688254876243008
0.5978230931928981
-0.2805745745260126
-0.059292811284524134
-0.3687827747260479
-0.07314920268017365
-0.3286433468886775
-0.4939895599141422
-0.446268087658288
-0.42871168614470584
0.10890428261787292
-0.4322070410728548
-0.07202388673962706
-0.4068419825255447
-0.006371637176224348
-0.46444685984037576
-0.1223905796443428
0.05290286921487567
-0.18135394294433474
-0.34466821252055413
0.34913335845020926
-0.014254827789712892
-0.01857521890567524
0.6553278898097218
-0.01141940174776902
-0.23692210232767588
-0.44215959756287565
-0.20791128940148032
-0.39875924250799527
-0.05866239444972326
0.1224679421106102
0.1436420782903308
0.048964454891355445
-0.2461552291573366
0.4697056217794976
-0.20161301707109497
-0.18031176618421935
0.4785902972580796
0.18553900830452552
-0.49383953160028354
-0.6381039349784453
0.2778872893805343
-0.6255649976716211
0.40601442097102286
-0.018089445154726096
-0.199609761880653
0.21847655338873279
-0.013987386665179756
0.49487378755376876
-0.18839832136737505
0.5369818923700215
-0.7673490339770104
0.2527055507206532
-0.7912767862250263
0.17297608738929274
-0.5148011324941268
-0.32962879236330783
1.1150837528966722
-0.08753242689237258
0.2616355816051604
-0.14232138254158827
-0.46534269873080814
-0.32538486444445947
0.8442098351485848
0.4850483129381976
0.5231897213286058
-0.04645476381010181
0.269509461267802
-0.4572464928455975
0.5803824119641254
-0.21479438847146137
-0.5992166934682498
0.7764257945876366
-0.4157373235421606
1.395973316627163
-0.04581573140150357
-0.8017510324635588
1.6262202121386002
-0.3054017000188791
-0.42126035457727823
0.04530197049078079
-0.40258099214757553
-0.03734262602669035
1.5323219971478554
-0.4453021262999591
-0.34153569526756977
-0.8424744675495712
-0.010854095370370775
0.26542543379958805
0.3394617592642087
0.16633376034881947
-0.17370454663757318
0.09316029953021406
0.08275847772922144
0.5917063908584084
-0.002549377691409553
-0.8111113311561874
0.8444731405953989
-0.1602748537107868
0.19433438132259345
-0.5319638732660431
-0.3053923026811494
-0.3715916123314268
0.3391100010599567
-0.33147471060489453
0.3714519435425979
-0.6478390896913873
-0.5196671274469962
-0.2218285954640317
-0.016510527256207407
0.4351223050231152
-0.13895611193636787
0.21809416834734052
0.07568301138144594
-0.6287395533871273
-0.22149733111683392
-0.021207433006954515
0.3615840266514397
-0.5329722078443127
-0.44202558497869415
0.014096195958272686
0.32113794541001606
-0.7120837500345982
-0.18157909264913769
0.3582738106225316
-0.007077212046292415
0.3326652781175802
-0.03546408292346274
-0.3303101971380495
0.0191795276044009
0.40539908320175166
-0.6959594110374427
0.1226109107020287
0.44467760204125917
-0.15630621555113347
-0.04277730553407684
-0.5736202517819348
-0.09101472045653067
-0.1002134511058769
0.49290347728193096
-0.9335434241759537
0.06446491818032818
-0.41246199899520203
-0.20133420841061692
0.24485616945585692
0.12358497369456091
-0.24910713812260948
-0.06483724566926587
0.1070061795860041
-0.030488211335311002
-0.357109238379308
-0.33368657729324797
-0.4556354205736282
-0.51819899231305
-0.06614933047927998
-0.4426258670957066
0.0915536222383416
0.4938762192576066
0.004421795696937503
-0.4500239605578649
-0.7602656737024017
0.11066205330331973
-6.546438700039441E-4
0.010506533158034854
-0.20983799923984728
0.5107526911471945
-0.028030766547488102
-0.29295596639400284
-0.2575724376317528
0.029765536565561104
-0.010719811748326754
-0.29330345826456933
0.1136957184743077
-0.5181303399451614
0.2144428984931535
-0.06907493250207972
-0.41728027844405075
1.1264716685219787
0.032275927628840566
-5.121709140963911E-4
-0.6024392515479695
-0.07203354304903703
-0.6736869279634509
0.55581677544119
-0.3308454147206594
-0.28050344463430527
0.3556830012360502
-0.3440904182268436
-0.25969754567575726
0.49044794121483537
-0.25986010097455464
-0.13930796394305967
0.22392409477587905
-0.6797577226886755
0.5690112738034289
0.2914764472041322
-0.541344325628626
0.980974670384725
-0.5307955836134574
0.1875614950133733
-0.19873483552496882
-0.029176913252078177
0.20114219849717263
0.6922397586065514
-0.4475243024217054
-0.3826342538254254
-0.2912643245020535
0.3935459587725095
-0.3419263969918857
0.34030610833781144
0.35381975870712246
-0.8856035815234211
0.32078152430705975
0.23288481171838477
0.02887209310771948
0.11667929476636853
0.10090174203364478
-0.21512977918846168
0.46770096040793036
0.0728629555522711
-0.36644023912071544
-0.5288771231254068
-0.6731387690826272
0.10487396217669004
0.46791693779239923
-0.24243465190084554
0.24068962881406572
-0.5318412687569108
0.34461593383043165
-0.15863473846855047
-0.0012982459731987615
0.3538821461865486
-0.07828496696028288
-0.2921124215411777
-0.4932804674816886
-0.42930140342042195
0.33786687825178635
-0.43934381583047016
-0.12892542104684052
0.33530504668626565
-0.28424274825236384
-0.4369840770746158
-0.28135101307013005
-0.7898066067591143
0.4257086751136099
0.24360942280884165
0.27289995162631586
-0.06351321930020208
0.27685001587859354
0.14386992212371624
0.09605643181413503
0.34196650925414
0.26030423542433534
-0.4982157857890846
-0.4835799401071712
-0.059929826041461534
0.2417781870244749
-0.08039669812405287
-0.2104652684455029
0.013688184021010777
-0.09468246988274188
-0.15876193526094107
-0.2478402167297184
0.08110984039839492
-0.4040809124249972
-0.08431644311853476
-0.4461460432048874
-0.010209570503886968
-0.2730947005533958
-0.09296701171417779
-0.19639489587356557
-0.2949969628551528
-0.20441788148900117
0.28319957331751616
0.5086050934996496
-0.32461311441544594
-0.22921819766662735
0.7650998025608845
0.21391553734222038
0.12695275768474767
-0.4074650625358908
0.02723715890047879
-0.3537648715820202
0.611789480811608
0.2580431669466867
0.39278919941119006
-0.14744023497540398
0.06759044371787958
0.2640204106624713
-0.3645011127330542
0.09565412343538462
-0.35215823014349507
0.03799292626875311
0.12347773656726045
0.9807108581571063
0.3276622536445796
-0.281111652903062
0.5694908700592377
-0.18225787189968234
-0.4506999800425769
0.3397172778083462
-0.2959587946952982
-0.17190392799269957
0.7238651707816622
-0.2266654156930836
-0.2707026497487137
0.06627317887752149
-0.3629149200756381
0.020000024290442397
0.4661937641175544
-0.07256901843226311
0.8030641487410977
0.5985007805118067
-0.15523375618053592
1.2033983085825257
-0.4152099828831817
-0.6363764537421109
1.2033171007016956
-0.43583293418561464
-0.18063934850899832
0.6943073458422887
-0.5688011917594668
0.7445386436757718
1.4374683762062213
-0.049970958338529055
0.2533054903542349
-0.454692878990557
0.3695809716703479
-0.06500568130608646
1.0303301877225606
0.5626693396937875
-0.871165194044272
0.47721232873171515
-0.41944011227824596
0.2724598956939585
-0.5967242011962826
-0.14813298581530365
1.2980293786008468
0.1399051633050927
-0.03732992482481666
-0.9751960986777805
-0.30181848997650595
-0.21007589060648912
-0.1493038407563077
0.14278269674974992
0.6876484705224187
-0.37953315556623596
-0.34001438086068964
-0.32559870685591663
0.2072195696300253
0.06086091801054602
-0.4269782217648495
0.37841097932291384
-0.18008212173430668
0.8449770600010182
-0.1815522904900629
-1.121354852662188
2.0813971914121567
-0.07350679784105632
0.12047534700924745
-0.16723948115623147
-0.20259826465402367
-0.258805421218269
0.4921413266116439
-0.35076721345590256
0.3314711969814944
-0.5493523558026112
-0.20090741874222173
-0.21690061853022033
0.44424336780595036
-0.3757001549301062
-0.6726120299864449
0.2825691179508422
-0.27913683252438737
-0.3535160985964445
-0.06110637324070495
-0.7410632009994833
0.8491879232665893
0.11365863694541596
-0.20918061779347263
-0.7434422429702614
0.23870010328482882
-0.8023602230374285
0.4858863452724189
-0.24172536143204332
-0.0017711720992876904
0.001499359494680633
-0.3366875096837207
-0.030637150337522394
0.06286570062580026
-0.15176788360426788
-1.3767887267553265
0.23342023260901876
-0.25597103524925374
0.16237448051111059
-0.5798641697470305
-0.9291401652867477
1.1359459606265
-0.6240246910200565
-0.19594661902113594
-0.44918027162932317
-0.5643810417637279
-0.9032484618518865
0.09442214588618143
-0.04583983431955769
0.22752152113973992
0.031819339132830034
-0.262517679533941
-0.39569717363789575
-0.4853965437301935
-0.09647425823215097
-0.9998785507935114
-0.11714929176695062
-0.37954593369345646
-0.23864250419306485
-0.018659638879620858
-0.12062232384843194
0.9364921967989264
-0.16971269821347737
-0.3507905581946519
-0.611873167956375
-0.26707176210481387
-0.5352035125130195
0.3411967497526873
-0.01330265846329936
0.01936512123785083
0.34816971718657924
-0.3993805478239112
0.2648638472194997
-0.5529298292977465
0.42881393493171815
-0.48934530887614885
0.6493856590876629
-0.2771712790653665
1.0511047680852685
-0.5523849667684444
-1.287266080529242
2.5728158501924168
0.02858542471540491
0.013813192388118985
-0.24102943921571887
-0.306560830157454
-0.5215925966573689
1.3399094552417452
0.19616829292079724
0.45539235376483767
-0.39511140553674434
0.22827617099657
-0.030898444645007052
0.8195925682914247
-0.4769106511048395
-0.3169693698840638
0.9100789087750499
-0.15279610555680895
1.5117909847440616
0.21670104285007216
-1.2003851711602571
2.6637455156241785
-0.4532608169158001
-0.711800151398774
0.036540457881277924
-0.4141880563689307
0.32615486313522596
1.7910188652997971
0.024435190399750135
-0.45483128055556593
0.0941680494111307
0.5979069453463495
0.04716841152830513
1.0793148663444114
0.2736730826990742
-1.0124280129139973
0.5042397575706054
-0.2252583307806572
0.5510637970856171
0.2432177566080568
-0.6511682154321535
1.936087682216468
-0.3638218407468159
-0.47233359275510434
-0.9718919718207729
-0.008841213377488251
-0.3290134793559186
0.621886277026238
0.12657475150062283
-0.11398756481077038
0.3179092349278623
-0.5493927034899673
-0.07168909714964912
-0.09167594255122112
0.07125627096734165
-1.7074007215550797
-0.44499383562485445
0.3842946200574133
-1.5985183670889942
-0.5707415316135411
0.03227705554606031
0.49317526424651376
0.05847933484328184
0.3128354291977255
-1.1885799544193292
0.8345230136462644
-0.6423453664225809
-1.2389754496351588
-0.15231309346044072
-0.04234526872658505
-0.31145801509095883
-1.0330725557816667
0.12465263916656054
-0.8303492568099373
0.12232976452266636
-1.8830965748190245
-0.5237586456921909
0.4281332757761154
-0.47083079858898275
-0.7333050132160462
-0.007779954879970107
0.3849900263870191
0.517673393009263
-0.008443579281052783
-0.6980502238558502
0.36604220891876743
-0.20434626766310535
-0.47058753587178537
-0.23853047338379793
0.3096072807069305
0.5379001065458177
-0.6501322524497047
0.4207542795959581
-0.8496977079860907
0.11571411925062106
-1.6155196401713858
-0.07321773053100043
0.5738825988806211
-0.5084161877872146
0.07636238571074712
-0.4214823309963433
0.2519827249521512
0.14193647435224088
-0.020500988084910254
-1.3414004406066573
0.5054036204664563
-0.7030796031040537
-0.542025675707384
-0.10126302449489827
0.1448640222689747
-0.016192502885962152
-1.0161528307224033
0.32213829069598665
-1.0083065454352327
-0.0719613763427983
-1.1044720675139512
0.2587888720770387
-0.3834945747229457
-0.4334325025525886
-0.6917254774884759
0.08394724052451494
0.6583612778229052
0.21328030576740303
0.36410951880983744
-0.24908912017071774
0.4236605056142138
-0.775911305813172
-0.20811599612611761
0.2175587300972055
0.4833180060008291
-0.4051045082682021
-0.4119072969748231
-0.2903640557540415
-0.22420832049734904
0.5542310121253686
-1.1563806271604846
0.11582997518263392
0.20097630292896543
-0.44214673575773816
-0.475386506101446
0.11030682619547177
0.33577917796624457
0.25666152783159557
-0.22263495999521754
-0.8456895415160975
-0.11189037825393303
-0.6847036290989867
-0.3852545829558996
0.06316529368808914
0.6996214820329761
0.05338355623148892
-0.3338562712259638
-0.037482598455047186
-0.25599054464632737
0.30077841685185075
-0.6449064418795771
-0.10080345277852913
-0.36982590803069526
-0.5121067571871449
-0.44712322757240236
0.13659110504320104
-1.200488585967011
0.5042249124125874
0.25979716096778666
-0.3011205583947013
0.38051428924223846
-0.03722330195411614
-1.1161132734010617
0.06522607695130189
0.004060764162169406
0.1349318605892926
-0.08006336921725411
0.23513341445642805
-0.4792670317461443
0.11901802113685105
0.2865281071116086
0.3114166975451904
0.01997696368100091
-0.28554081590690816
0.2632605582632709
0.03724931558115447
0.18342024931698292
0.30002342531744536
-0.17407497872369754
-0.402546825812007
0.10197345050694419
-0.28812022457135983
-0.184392846959739
-0.14290358241816975
0.0875540094936662
0.4415887281279896
0.18656610218698022
-0.22222467454520556
-0.598968759130039
-0.2562811587773628
-0.8312068580836949
-0.10845134101894206
0.23212775450378023
-0.17076085603329916
0.2535365818268121
0.11659791778328558
-0.06131017301768399
0.2699441333525231
0.4599830361254653
0.12068666937655315
-0.5198188864477943
-0.6839717893283035
-0.2207101670173289
-0.10682126163981596
0.42643000851956747
0.33058921821346826
0.07983110180415544
0.2598309279008877
-0.39193046549910676
-0.02073412464631946
-1.055557156578838
-0.41885241968165543
0.2303545156070048
-0.9620964007608921
-0.04275902993882788
0.1584922781589336
-1.0437036729968756
0.6507800728889563
0.23546856232970392
-1.227547600923815
0.08346949247156031
-0.9128640239769785
-1.5413541161651034
0.11934147826239717
-0.026284641621427768
0.35831992170122795
-1.344953064461252
-0.5329358290837722
-0.9689799824714028
-0.15892097232135588
-0.6729040562953281
-0.8839005204809127
0.028276491378746937
-0.8764496069513396
-0.05477484697198989
0.4670548140852079
-1.0936501695469973
0.5042031767382056
-0.15453200918078897
-0.7411561129685749
-0.060185130622658685
-0.29240383897655114
-1.6665051813025535
0.45526739236829683
0.24156643406547268
0.07470932812933484
-0.9203669787544126
-0.06484458063516677
-0.8941760396784205
0.45569389437458874
0.3572884826633108
0.34609486518163163
-0.6138968671394008
-0.24299387924585922
0.01281727549681896
0.27692364513407314
-0.9673266913451579
-0.3926150998065265
0.1147433803447982
0.3849457699126756
0.11321832877827451
0.17627953957542128
0.2323651411803587
-0.18283926421161348
-0.1531390913693719
-0.2454600058630194
-0.5934635656336053
0.07751170645606223
-0.147744634977441
0.3368105181528807
1.1165276851793164
0.20702830689487517
-0.6430066491676556
0.7092082206530598
-0.12247595428760567
-0.14338382840880462
0.8862144499321253
-0.4047825942466654
0.20672798449504823
0.6558659648696148
-0.8329330932568456
-0.14620173643593148
0.6108598035712154
-0.4186821856476093
-0.13315686803621626
-0.6349265153993612
0.20704868617529082
-0.28473414674449854
0.43567957940633395
0.036615299300344815
1.006622115819857
0.39092976187354483
-0.4628691263542817
0.2539974864232249
-0.00596402024345205
-0.323179174863613
0.07697604452840555
-0.0683215860338249
0.3889802106455924
0.13473487941049092
-0.4456877555327311
0.5714803322234717
0.055114042410049434
0.0216861625515194
0.15729684498997598
-0.03978062103353289
-0.05518191936035768
-0.5173630188747835
-0.2479714670313407
0.16142289992591424
0.7420346679684638
0.41976588624314204
-0.48035193186342484
1.892097348598573
-0.07600924672144452
-0.619980769168972
0.567532525412496
-0.8166318092188808
-0.25873667012980694
0.2740229402660913
-0.9640209452577667
0.7286531877153059
1.2819929020967724
0.17795277701220777
0.3959030113590143
-0.565485236684402
0.577202873351287
-0.36085483294940485
0.5953491553267655
0.18370533073557768
-0.03995216529080452
-0.027425585983957917
0.04695858747522708
0.27560585720105707
0.4485551327022452
0.1928942614473599
0.3010186755119122
0.1493479145715418
-0.011770395844015201
0.11782935589788525
-0.4664310584615764
0.09206653534069431
0.3587338164037662
0.42649631243794983
0.4451286421214519
-0.050699486412906655
0.07438395867634469
0.1964476699195948
0.2833548517312885
0.4083528784284292
-0.022812892156336237
-0.49533675168654084
0.26691561879447107
-0.7231521873092555
-0.3700855221763232
-0.25014665309673195
-0.857892629335558
0.10218126036743658
-0.39054083897894093
0.06794614245027487
0.5647503822506539
-0.29845348076180095
-0.9179624402659122
0.3420809987103936
-0.14180202952960153
0.17394964819300118
0.19999551906218926
0.3510703165510603
-0.7929713413787618
0.2405938214628107
-0.23615387876778576
-0.3958885772769133
0.1923325786692839
0.03433504322352178
0.1533694375670143
0.27893707549989144
-0.6570403870817888
-0.36092551078402263
0.42164687784282806
-0.2934160623270167
0.310952831527492
0.2948424323764343
-0.5779946163366586
0.230502202645876
0.2050404021883035
-0.3157005125463845
-0.5406541918849302
0.21522239370523963
0.059578844744711555
0.5219632145198166
-0.4920923070807868
-0.7142856318816767
0.02525009337877194
-1.1020480823495615
-0.6498707882848433
-0.03991293492565368
-0.8804481415987063
0.4889093399253306
-0.07662633496575903
-0.6588318638874284
0.07496793626113397
-0.49822097089346595
-0.8618580225032275
0.4304049271045988
-0.07390667330158095
0.5197081647937228
0.004001851244011084
0.15783035317130634
-1.0709484088084198
-0.030635616397924496
0.4772534765128405
0.338128587029968
0.41556225417165144
0.5810291871664653
-0.1538832622469232
0.3491183626840558
-0.24888206360297047
0.15906513469640507
-0.18834748780253588
0.7732802602007539
-0.3082019066346902
-0.22075776749765844
0.4882477483226819
-0.13430634049523202
-0.3299759835348041
-0.4383726626448725
0.010244400705864975
0.03298814304897543
-0.13337422108587932
0.12236536886812127
0.894058085269464
0.4794639001764796
0.17099247206488352
0.3622735875112455
-0.3397975439522847
-0.14199957404076416
-0.9242295947286465
0.08885130886352943
0.1589281568348706
0.6866699636424489
0.29519653294478404
-0.04461713892596111
0.3951769918582663
0.4687718994982661
-0.09974032976051525
-0.13873301746226158
0.43367484787713645
0.3442088481237814
-0.25283315162142933
-0.05261874886560973
-0.4360252056852286
-0.4456520854068255
0.32305237392932556
-1.5219286444615494
0.08497852372407526
0.9156905602642712
-3.0667777339341367
0.37731325242810987
0.2509382373438475
-0.24858006042939487
0.908486895079975
-0.17943172608132457
-2.5823838094738782
-0.313652150218976
-0.2795844592245935
-0.26678859020264234
-0.22101561520139223
0.36845934467470887
-0.6981886332116927
0.49588752537034086
-0.45647614565886185
-0.6723255474177948
0.46694749488632
-1.21611873250671
0.03935859276992553
1.1106393223465252
-2.4155475871830725
0.11095247813086193
0.6573027300021481
0.03075751750466888
0.6019719446410975
0.04984870808435084
-1.6339494013017148
0.17069631825015036
0.6098070495023187
0.4564488545852354
-0.5279897274495441
-0.272887994062801
-0.7482075291546726
0.19115447773611846
0.08194200964000319
-0.7143271063772205
0.7647347126693032
-1.0359121364254633
-0.5395940625747795
0.39944647641997105
-2.0443797169966955
0.7089385292770443
0.7605450007135407
0.13978340136029077
0.7066748811170468
-0.414934406010386
-1.519739921185317
0.03421743469519556
-0.05565816663652179
-0.4219371633566011
-0.21954735928378735
0.34119360872412824
-0.4789680779051907
0.16743950929045637
-0.013829700119061736
-0.4747531247279587
0.46952869368302735
-1.076951966656472
0.11081899633109882
0.9508952406122053
-1.719175154303144
-0.3276547815789332
-0.2935546847462598
-0.11135075860125972
0.5144919655200221
0.44902955760351465
-1.1091311392327399
-0.2860699968628779
-0.03137986129790473
0.185895484493572
-0.1484948972497671
-0.3973766542451761
-0.12987079369147322
-0.3281541431894659
0.33881276572202873
-0.9917425598391924
-0.12076154622449366
-0.8418098614719116
-0.5990905726380155
0.8135637229249929
-2.5386143248201996
0.4136587279755222
0.2511320536142317
-0.18433327527311116
0.5729118577730463
0.6185919948827743
-2.0174913109622805
0.12114735004018093
0.22309193970249885
-0.19826555963115194
-0.3437820272500769
-0.5431693176737946
-0.3741522708732116
0.3330012826834276
-0.18198103345448402
-0.964481583995524
0.06446774141777603
-0.8198811528107797
-0.6660341235393157
0.7421285385896543
-2.210770315654358
0.5109540189171357
0.24603579637153947
0.2699347588754645
0.5697283574152806
0.21377333015213432
-1.9930718280432909
0.5092766338202022
-0.07405165842224838
-0.42183637236375665
-0.7583362881422026
-0.28037431374692073
-0.5478071651656203
0.31696645986381156
0.8960801963326738
0.10666571696167058
0.29710198916843983
0.025978969867449336
-0.38146116509670164
0.63470534147087
-0.7954852932377809
0.2648656523074306
-0.1751342734967043
-0.018946872983915883
0.3383158323027486
0.23425064377357194
0.1910014801443471
-0.0779737534589124
-0.2561869866669512
-0.07205590243139008
-0.045304312487477114
-0.08337065118739698
-0.5713096749366058
-0.2017367429526432
0.5433773958755879
-0.42969086637187964
-0.023556569334959074
-0.2039254626695551
0.09136696980514485
0.5693549132825363
-1.2270203458884155
-0.1644908923010152
-0.1295108190376216
-0.24914314042853355
0.3119645040062371
-0.047740732432427685
-0.6540130906171074
0.04950233637310741
-0.08376087386364708
-0.5107127013861532
-0.17038605842439655
-0.4437354476341992
-0.5258178988882376
0.14587625106234256
0.7476238277582125
0.1687482936544008
0.12351387446161334
-0.529983950520044
0.19365400530709556
0.4073653651646097
-1.0759374348329693
-0.03510875993640514
0.412153719655047
-0.4032760261732699
-0.4771314266142438
-0.14471995122726541
-0.5073264043264221
0.12417060577570088
-0.001110184787521779
0.10856123625824791
0.012246193456078837
0.20064551374726472
0.1009598550008657
-0.20580990793767345
0.39189794940130696
-1.002354726297681
-0.07303098037848262
-1.6346326618642806
0.21691547377437043
0.7567167188957523
-2.2344790518407973
0.7554481471852246
0.5177913299485529
-0.2614936227158698
0.07595070723188568
0.38169576200003086
-1.6044003874309962
0.29334214317066
0.5532543747940942
0.1915268502680989
-0.9720096734249236
0.1689952920043044
-0.35876066305731585
0.3872785750426342
0.3124494813287894
0.46185437591245626
0.30954894957193213
0.26164958567559765
-0.17600587326138334
0.4174508764411648
-0.2980874870914118
0.0523491495732196
0.30852081364178646
-0.3466787829496135
-0.7584241070705752
0.22251005497075954
0.11302551857497244
-0.2718851586130766
0.41466938656348945
0.1498225071690632
-0.01493230243160387
-0.3899844537131015
0.3511349031945364
-0.31123870541185444
-0.5137522690616445
-0.18212768072681135
0.3497933757282194
-0.3211791102946779
-0.062049559559603853
0.36826283798096954
-0.13147936637037022
-0.5694937867335794
0.257038961452886
-0.7950699381379936
-0.15447824137093982
-0.1840610646601551
-0.05021468112800862
-0.3661869284306883
0.12101288031192191
0.36563132125345554
0.04044950432829012
0.2152321460711585
-0.010566844702043155
-0.06377372595410036
0.3169748598292604
0.7986456634026994
0.058797409865122434
1.041096654625862
-0.23171301297255623
0.14472859670659588
0.6048068746414962
-0.4166300396645014
-0.4899630154176569
-0.11641352557333733
-0.9956070715064276
0.1128124464195011
0.6781210891577827
-0.2121707803344103
-0.43721252607158967
0.2048440785716957
0.025282663908158004
-0.03708255584993668
0.8232590590778379
-0.42583902229575504
-0.6307320041953761
-0.16392505950593156
-0.5581995985053688
0.6899373877421136
-0.5399871577209974
0.05444952536496793
1.131025181743535
-0.6974966403556274
0.30047421431589444
0.06134497329037143
-0.2294715377973873
-0.5681741814348198
0.41060606708087893
0.5257486005205027
0.1911063910375942
-0.3605851927601174
-0.31779308946524093
0.17535300562767475
0.18004901904701734
-0.07101101286811473
-0.2682668804790494
0.5203263630127418
-0.6315584043031345
0.5054184279298549
-0.0290886591175797
-0.016564767604191864
-6.832433919703045E-4
-0.07010915525780559
-0.3976402814692603
0.05139084936156989
0.06384685596656203
0.1992873378725398
0.9680036460432552
0.2451469535880804
0.05434830438488713
0.08500353503751462
-0.34924374670038927
0.11085399148393865
0.06961058985033762
0.424895965752327
-1.1684734149156235
-0.024661983707515395
0.12853545712611192
0.682919570836371
-0.517035388193443
-0.4722172730710107
0.9753786839001259
-0.2784986364533779
-0.13290476852159505
-0.06293906957324964
0.2662734305348147
-0.7119566514869231
0.4606691426463544
0.41581941101586806
-0.24323765680602094
-0.45036687231973016
-0.01913833003967563
-0.12453493528106646
0.44192142521159217
0.17237905854476793
-1.5165603839350719
-0.41409437858735615
-0.16309868226874855
-0.14909898262269541
-0.6955899285533571
0.3128731547785922
0.24637175221204338
0.5556740306979555
-0.28132331946043354
-1.3170766481447809
-0.292200396644705
-0.8607784230373516
0.48246923430268507
-0.1734711730452715
0.4045444716733709
0.45007622899914573
0.08380731382667408
-0.47834455863765
-0.6211612125316512
-0.3398370681387604
-1.6678156800062838
0.09571346519240201
0.32908115385760683
-1.1759579763783339
0.07319786896389002
-0.5634267739631577
0.4664048405277611
0.2565484729231004
-0.2887680292605227
-1.6147028920647228
0.4179248526754668
-1.2554426473145714
-0.6029713703779007
0.5467074105266436
-0.008441265969743863
0.3414552771146929
-0.44756643635496746
0.41210204816633
-0.5797158184425201
-0.13790308292076786
-1.18935400175121
0.08565182167730721
-0.5953037641493821
0.18897298326528467
-0.08157745515698796
-1.0603050188302292
2.04437096836994
-0.005227425148753832
0.20015001232102778
-0.12285655365514965
-0.030581925368358003
-0.7394640748005121
0.6404267619672775
0.21423112311131526
0.4290019559930866
-0.08472091690870504
-0.1502190802448576
-0.31341111810397987
0.6024210253463664
-0.4401943150650455
0.06477079084397586
-0.2917052550504256
-0.4485229490503336
0.24933552954613247
0.28122336004738663
-0.3025775605469157
0.5271569375745077
-0.6359138201784093
0.23429435072016297
0.08272856454576753
-0.27863999976751835
0.20760573099381144
0.6954018949050804
0.11950156511755557
0.39895110431043235
0.23385271662265275
0.16026916947179112
0.39959608994417
0.1410679641704009
0.08325846153402836
-0.38375413591290913
-0.6877836948609908
-0.1636482564098917
-1.4420068017883616
-0.35714784533448485
0.304418921720668
-1.2373626092572627
0.4726531264509613
0.6005848565584873
-0.17649479409652494
0.3395181260225609
0.15720468146774347
-1.5017947997228291
-0.1512685099099112
-0.2993690286979739
0.5098691014300698
-0.26238300222739736
0.40606402432772987
-0.2488710177655973
0.108527625969402
-0.18536927263732783
-0.6860687254742548
0.23658383241789202
-1.4581858447801177
0.1707451650224764
0.6674470790351406
-1.8728000709354555
0.6123391312701927
0.3793727661375022
-0.6296472948559895
1.0076355954468568
-0.46423869142636087
-1.3275328680835414
0.387307829600746
-0.3980295108134327
0.36235646095116225
-0.4255865411458717
0.22944263089250028
-1.373749051188572
0.0371808424041775
-0.7825609175113272
-0.8352368129174708
0.41157203385867325
-1.2100860424723066
0.31717446830959517
0.2663607110977727
-1.498097789292807
0.23332742837297293
-5.51235076915264E-4
0.11037666763973615
1.0578239026609255
0.30715867075375686
-2.040116083198161
0.05706677651892607
0.22080874310436863
0.5210981687825428
-0.08038320985388073
-0.4302188202086084
-0.9361058320695214
0.06686132195738426
0.30103113786436153
-0.02192173273908588
-0.10340164850691252
-0.43870805049354195
-0.5356993098386774
0.06125796781686122
-1.2502318366043288
0.18624304788435803
0.35933733989405364
-0.3935610241388212
-0.20921326718880978
0.44495158575074856
-1.1388579115895388
0.43936117333552116
0.47799959260346037
-0.44308127805686953
-0.29487425853230553
-0.2635901951224214
-0.7688524023195275
-0.15074239335249887
-0.04996039948235611
-0.577457394076658
0.26761156873800557
-0.26749836888297274
-0.16222914466430013
0.3010714121666362
-1.0216699824533988
-0.1779756834465876
0.23859740738500268
0.1384851345962792
0.3810516803183119
0.4993253689966187
-0.39727507731891326
0.0372497658698537
-0.26647058880380226
0.1737612148251741
-0.4477892609540908
-0.31355405864548325
-0.008398290089238918
-0.22012098025747234
-0.16366764445353738
-0.46992365805956643
-0.3380474570467251
-0.6815823232063876
0.1273263421693335
0.34229712961991754
-0.718727315082012
0.18545709458708654
0.005069109612669347
-0.04226418852288256
0.19254213295110537
0.427479182888743
-0.26567013961041813
0.4401857087664009
-0.2286940406253583
0.33931632307987375
0.3892877846338105
-0.3286544470659962
-0.004856976786620364
0.23027473299443374
0.07409585255358517
0.16179147067814245
-0.06819841267588979
-0.27494009999908414
-0.44221852070676543
0.32884480554096146
-0.546286610232253
0.44959377620990904
0.38984705465028396
-0.04126551003696904
0.3414364607942565
-0.13310628268320304
-0.4702132913091823
-0.4250097161245923
0.3479774663468237
0.31083767015164704
-0.1566087804056106
0.31822871614066256
0.25311438528448454
0.4611037688239527
-0.02370834960312211
0.15791771216363942
-0.2232100605382292
0.06888304797147875
0.517508503860547
0.2829528977782992
0.8692705371117299
-0.5508948002756505
0.044904013217272325
-0.07557373461186902
-0.33698365718890294
0.03046921443647968
0.8515133048321656
-0.36973270506214756
0.39446937485850986
-0.2932334276115614
0.06742780842564555
-0.05877941041417572
0.593820670599588
-0.5605855450178132
0.9416257051302419
0.051041965276098694
-0.20607759157469283
0.39351456523226275
0.07690582730966587
-0.01667170213362095
0.4816604495767179
-0.09707948415600674
-0.15041119219335156
0.42101923654689544
0.08262646797974461
-0.030428831145001573
0.5070185320060294
-0.06242283864942692
-0.190286847387665
0.27453232964696567
0.6347408960088694
0.11099413425606061
0.6780043390186427
-0.49012563206757725
1.0374546269065563
0.786260955604087
-0.4422423428313233
1.6379712793834031
0.47062379229918555
-0.4279077835059188
1.696075253437188
-0.3293855942655482
-0.5472895433124658
0.4165043119408582
-0.23323577475334506
0.05068101724938217
1.4868086282370094
-0.4949320681111343
-0.24100134671599657
0.33718683654045656
0.9400745203503454
0.05045882153515499
1.1247290896192497
0.2321477367737471
0.8850487084981175
1.112177459593074
-0.5433732471976278
2.2874245491221274
0.5053845666611293
-1.1863716252180556
2.2604587367879656
-0.480253679149861
-0.3458197687076732
0.8794014517666874
-1.345219916537595
0.9003907868615619
3.056815397060302
0.057382625935423835
-0.28340986663316703
-0.3795894146393979
1.3504483329492085
0.17147828411472152
0.9196387992185827
0.31731703198091615
1.2557866353260763
0.6240908537033824
-0.48305347079729316
1.132470794449415
0.06697538734728911
-0.5875255101183143
1.0077621877809284
-0.799348799666112
-0.020036970928429
1.0923082219203146
-1.0815504454980298
0.14185315971011114
1.7050012525315221
-0.36973209462086226
0.15693432896801277
0.3530329201396318
0.8198418199828195
-0.2662108869588277
1.3320820450270037
-0.2953392389069378
1.7291875603350908
0.29711697168071916
0.04901773968899578
1.7862428970107056
0.021113740238306346
-0.03500990177532515
1.0240685065863617
-0.22109461922104676
0.09339598265768548
1.4287449929545166
-0.9206506745612839
0.4504799537825251
1.1735746973058996
0.06947031029069098
-0.07297360147910134
0.10940778629071723
0.5434436015655133
-0.3460639975674319
0.2648928699406826
-0.04184589903102207
0.6468192527376274
0.2633297500688253
-0.22521150636530043
0.5179166958471318
-0.06930846627307238
0.46151635342167224
-1.1980239296878241
0.21939201247878826
-0.150408682134345
0.6564203470642643
0.1532773601084246
0.3164168002699462
-0.3004710974296112
0.023514912224079264
-0.5934708662373528
-0.6985840794578992
0.5971872781956703
-0.4872332628111246
-0.3271376144509874
0.04404097234199348
-1.178062845744345
-1.1923049708453513
0.12259337162000054
-1.4723057975536704
0.1685838132614572
0.723190126912643
-2.3687588315270722
0.8168794653470298
0.3093022299027958
-0.04244638612174175
0.424790903681939
0.2712717772485473
-2.151616374352927
-0.24897396322376256
-0.11145439885682361
0.08710490757982874
-0.39366059517982493
-0.44390809659923613
-1.1727088070861185
-0.22870342954744902
-0.7666681648743715
-1.1063317982267877
1.1925863187279901
-2.1616669292464805
-0.11847107448605633
0.9277982793853918
-2.999746251378472
0.6376632640981488
0.4262362699323635
-0.85192606271423
1.501264964651827
-0.5764139069560732
-3.760338903178319
-0.18636948028023445
-0.02248325294574058
0.7037108443899255
-1.25620045755118
0.5496216806298246
-2.102379788148719
0.12619388625628536
0.08318611838504836
0.46800364924402843
-0.3524660698252438
0.02708622853551663
0.4314319453220746
-0.3084841630403244
-0.37008093961544547
0.025933787257939593
0.2640536308647276
0.4644048571585741
0.09873106158167032
0.02968143202412177
0.10237775273339161
0.23831736691362815
-0.17474314870217647
0.3571284140206794
-0.008716244086673609
0.10921291431206404
-0.13196402465444196
-0.25190067031710617
-0.3448360087372269
0.2025232887475774
0.00921713563575599
0.023784897320648368
0.48821907065809783
-0.16843881451310844
0.14067708358233066
-0.11570961116342837
0.33393334813622094
-0.28554302399263887
-0.4178486121375705
-0.15578966192908933
0.18234505425020076
-0.3257692149926291
-0.09358197709296007
0.2427043788461659
-0.36446528911256676
0.28364176523228446
-0.19391706185871177
0.3218264091729598
0.24405958730071192
-0.4986077592336425
0.13697896075675597
-0.032505001140338274
0.18216509656624846
0.3671797524579495
0.2769002441576206
0.24266521910187927
-0.04950745478305835
0.31315848029943866
-0.35708952057535
0.3230675254740833
-0.317234802891932
0.03795009517610343
-0.2153448784667002
0.28812883520047056
0.4405385646379659
0.19563015522322258
0.45439895420957466
