-0.07010041747169282
-0.2981831770564102
0.029332029445334973
0.21350496915671263
0.27189900780776055
-0.16603480962504508
-0.2882544084824622
0.27921779062420354
0.3111319186835691
-0.2825062042508534
-0.3825715908305673
-0.04357622055745369
-0.2508440367997136
0.1431230114194113
-0.2162036807568154
-0.024686109684945834
0.40740142796120726
0.17811664164986402
-0.37918214506178355
-0.4827066674383913
0.19914891660433826
-0.01695529944921804
-0.32349823663471067
0.0663082836282203
0.37972534256761864
0.1672001443549942
0.12640991121141487
-0.27463966097585774
-0.36478701972011923
-0.33009307729524323
0.41874020224838865
-0.2362528184663386
-0.23352503122246746
-0.48657155412133063
-0.10023903716501653
-0.28795469873534524
0.0863954212832981
0.4166993032788475
-0.49168684880285796
-0.080747628071016
0.4373516781266133
-0.4375823616566372
-0.09269926772616638
0.12141265414808317
0.0466148692186614
-0.23662483003730594
0.16543861237889793
-0.3355186832541313
0.010336013670692949
-0.28991905609130214
-0.0030147034861949295
-0.54208361853271
-0.09875763454296477
-0.1371701676859013
-0.38442763415493336
-0.2336937992711014
0.4675534209330861
0.48270929095304294
0.30983739401079546
-0.14758539196981005
-0.21058156296508437
-0.025283094304098624
-0.3872712496964733
0.9570974521470701
1.3101845115676263
-0.06561748454357794
2.153351626867765
-0.8010110927332795
-0.6552602272879658
-1.2811236818379335
-0.4891927615584934
-0.30051741947337124
1.8406565600894647
1.5599726476073508
-0.4442509087978569
1.061993195811038
1.9023939054934065
1.089122198508577
1.0047417971245192
1.6261323993655612
0.13790112378513428
0.18252172919190948
-0.11991009756745073
-0.7112549987813567
1.604203020667427
0.10504410905599867
0.8597661740395786
0.5130387214822121
0.5051018977871476
-0.37467453283620206
-0.23578709317182484
-0.3312364932441418
0.6989753027699793
0.8060957682811662
-0.14123808180961203
-0.5704352627827468
-0.8475990685138295
-1.236763992018643
0.2940644564520023
0.39572089710519026
0.12061320535987623
-0.43927453244033876
0.22211075987186327
-2.6364189141705356
2.198491543436373
0.17855928159737186
1.6664850283394623
2.2100511650902672
0.6479260460102187
1.0288775082418227
0.3195223028407809
-0.49866183613546305
0.405414576465077
1.3934558004967854
0.7498295356705881
-3.409984932147144
-2.9095126585123126
-2.1645092496901426
0.012962220013843204
-0.3755074191046459
0.19787749008336772
-0.4972672777451588
-0.08609194562353342
-2.4466493804117526
1.6043625343958252
0.34371433835128845
1.630225122548718
1.9843044799160277
1.3652671632541564
0.6439763938114547
0.2637983558502351
-0.03141342064965714
0.3749888314766744
0.7415529181646533
1.2262251289134374
-3.277320944819573
-3.115423372351653
-1.8062798436032168
-0.2636095754864785
-0.7898312153995656
0.37717642552131814
0.2551143612964578
0.09758292119737359
-0.04946789772977011
1.199299360476995
-0.3252600244723075
1.9871965252391723
0.4453772639404145
0.0043178713518239225
0.1925818915086618
-0.29284712424255444
-0.29447061444141626
0.832888842914322
1.0829471049654225
-0.3172498775233594
-0.41511945067002415
-0.18802142420471268
0.31108305520683827
0.02695970209453349
0.790128693329229
-0.26980216527212225
0.28673683157419194
0.1506687748183075
0.8070221548176563
1.008847999890802
-0.18394929722268752
1.3042540404424987
-0.6583774452453256
-0.6538205198556195
-0.7520107290341841
-0.18015327463555642
-0.23599560022845267
1.5007871564614363
0.3274991540561812
-0.4571859150342369
1.005255924669322
1.4605335745293122
0.8766887842738711
1.2272554455820444
0.8803777296038959
-1.166610376977876
0.09108194609336
-0.9324222392913073
2.768884078999582
1.0707777430126422
-0.1541042722712377
2.099726088621415
-1.9999474130757575
-1.5972831411754944
-1.5764564729142077
-0.9156810407458068
-0.31726596285113207
2.2800659107200008
0.5842675714216812
-1.5136911888658335
2.6264598542489352
3.613695789909287
2.948641380338759
1.36131294634476
2.079045572572779
-0.5511865758166056
0.0786782042039299
-0.7543411804148265
1.244518963876785
0.6980367238032464
0.12152337608590723
1.1677070333255166
-1.763846761899619
-0.9622474089653708
-1.3837699604464415
-0.603786966521449
-0.20330844188033312
1.0938095764279003
0.6580701941386671
-1.2394131328111482
2.001807431248538
2.0710542980646363
2.095976266403248
0.8279523555314093
1.3777723013189234
-0.05933659999527046
0.30131622421730386
0.3080901317544246
0.47710226199003414
0.8572782260602025
0.0838451900995215
0.907795185129629
-0.017980347413725502
0.4801362851859526
0.331899669886629
0.2387284169488773
0.18254030081621758
0.6175688864378434
0.2510779119179171
0.2704133922762742
-0.32674797884787915
0.4402145761051356
0.448079864765274
0.3137419071348379
0.0785148735429156
-0.025141023649433242
0.3741323807319672
-0.1538519156467816
-0.8300773347628494
0.46294341178954873
-0.35050302819602414
0.07704125599454756
0.6094184035453429
-0.11659743676879127
0.2964251339929826
-0.06043094592859253
-0.324713199886592
-0.27217219274265697
0.036702946059597265
0.5974227262584928
-0.3024957077563121
-0.24703293096720327
-0.5208542249063141
0.028138771118375105
-0.2195265795024082
0.798271618555094
-0.40080602214208627
0.2745627979964836
-0.5010973784692822
0.01847671488214832
-0.3717328886314806
0.44643423345673755
0.5565090789129139
0.8708493146246435
0.7960050010081146
0.6289153236124553
-0.3343007212561366
0.2744818170471612
0.41283105476785364
1.167049524460046
-1.1348864145758342
-1.585416302039602
-0.2448189466019238
-0.20587135682612828
-0.09936505403761117
0.6735035472549222
-0.5651243070309292
-0.3278098216040946
-0.5116503095567054
1.0122880460300583
0.23338418403349923
0.8639627127932806
1.509764126197854
0.9588139469029769
0.08342583512121352
0.1315672437917396
0.27367429248800623
-0.10231549884265777
0.364842590058575
1.1682992730568358
-1.4074098473207175
-0.9002552615581869
-0.10086960586795733
0.1340789606111495
0.4961102167694441
0.04744694355775825
0.030640810455140166
-0.5456614936618772
-0.435227573299796
0.41896928603822126
-0.3733622701168076
0.9724734568938119
-0.15226845186798574
0.646698848288898
-0.36794589644747655
-0.41825222349859276
0.05139774327335819
0.9280028645037419
0.06557898491610942
0.03563625886882441
-0.7293033056834238
-0.0017101767656508963
0.3058378658525628
0.6163506851058007
0.38232393456961894
0.15513113265385764
0.03855585858245776
0.5751454653397353
0.025810256155812207
-1.3032261394579774
-0.3618965203415718
-0.7357518552365401
0.37504146710259195
0.5255740546824602
0.06370959584325625
0.5971658501835652
-0.31355191257938475
-0.7052699410979194
-0.5013331526193473
0.6837705482761707
-0.36934034900911406
-0.45624400223844197
-0.2907821634259522
-0.18778297298234142
-0.9945231012973158
-0.45324958908775503
0.2905627305635744
0.33218477944815744
-0.15928422062594547
-0.33989579681252446
-0.43047773598726763
-0.12117932206535614
0.3090983281896434
-0.2156859066899706
-0.4292193184178068
0.1036471814430948
0.4867751038873478
0.47093508756512265
0.1600575425769564
-0.20985014908812968
-0.3357757734708986
0.46945671823868146
-0.04429429491604194
0.12088530722805621
0.1214984394459595
-0.08642020498882605
0.5326437969120837
0.39632908238541986
-0.1839099626212643
-0.3161854661604169
-0.366029209434938
-0.7799933805368268
-0.11590070801094789
-0.016989963949808385
0.09109602757600592
0.31130494310587103
-0.26439111996465714
-0.2802835608605671
-0.7566940986441657
0.4512432375073255
-0.3050851972492274
-1.034866888310226
-1.064752720560236
-0.6459813016183181
-0.44169571827966414
-0.1672906326197826
0.18984304112373446
0.1307758978464604
0.7519324489366226
-0.8639197915454191
-0.7917331552916047
-0.7071105882982788
-0.4467347208393241
-0.24010905449237704
-1.1500499970836717
0.06948787154809713
0.540552177037785
-0.019219034320834202
-0.16606192702639722
-0.6856518335786396
0.4180685158920616
1.133496450411415
0.16644060727083163
-0.4287639334737093
0.06600250912913914
-0.5887125857936465
0.1815603559825268
-0.007913320023936176
1.8152946736331168
-0.006363497161907142
-0.35821205385101795
0.5472503626152045
-1.010443442266747
-1.227535570179885
-1.9261161627814063
-0.3682588664893951
-0.23487290301381097
0.24620946469858312
-0.15014876070450311
-1.1073300596072062
2.184971664568119
1.9319734170645424
0.7250636964293263
0.06834508656148802
0.7095683239536733
-0.7527549709182861
0.43776685831963214
-0.44416674023272323
1.0351644460906162
-0.06663662695816075
-0.9481755923869978
-0.9025565247855564
-1.3053826285584669
-1.1150594593758623
-1.0740839629863548
-1.1561003141519923
-0.07269082928356074
-0.32040148064264806
-0.31430096726643136
-0.3213118361453947
1.5632861840338457
1.7501951294107667
0.2962586865368185
-0.26129931476233875
0.40028434062501
0.3320263780443992
-0.3591547913722092
-0.13077588498312756
0.3275027168208482
-0.26013349342279435
-0.010012192281619647
-0.433487369151358
-0.038311026613927546
-0.29987888927265
-0.7301890024605114
0.0599261129372657
0.11489534594948846
0.4920977595313058
-0.3658900554306151
0.13517348786530958
-0.39292012319060454
0.2601430796387338
0.053783431174098395
0.3692902125840183
-0.22082774026771768
-0.3152324565265978
-0.5392004039967705
-0.3560366052055676
-0.05799862298688075
0.07882503114776909
-0.11557139530168907
-0.056241689725601895
0.32045769610632174
0.16795465893778241
0.143176472423065
-0.6437842103795409
0.2512214976228821
-0.5164027271409241
-0.12957816272516814
0.18860408625141709
-0.6159915002022521
-0.14322719395251385
0.3973693890574782
-0.42098218595039605
-0.1991836431460344
-0.21217632777684858
-0.36127563962226394
-0.333487443236179
0.21128461373281313
0.1612597658363035
-0.263644514773844
-0.19141109768704206
0.10249183206237872
-0.30682358054165965
0.302887998368309
-0.06476965865138795
0.6169277417614477
0.22368527805634633
-0.48088561462929297
0.35442467369001407
0.13755025198396867
0.1148824277386028
0.21897197428827192
0.019607875724743228
-0.19236827249763871
-0.015767558845789387
-0.03139104093062371
-0.11163726036252529
-0.11344281054771765
-0.3678414862944366
-0.2259082132341345
-0.19209281803066983
-0.0850001204317541
0.20773686102805827
-0.00891518213526394
-0.6475571590685056
0.4144156529765055
0.24201902179916163
-0.21217235111258018
0.20822247707837951
0.2906847304252948
0.5283128224981364
0.32193319090839406
0.0339066928945817
0.4508360933037923
-0.37849035204766684
-0.08382707822320375
0.03097675736395518
-0.12736875816898602
-0.26507523465148397
-0.5024760443907755
1.2500942306558676
-0.3982240401166929
0.07685614571940753
-0.36021610135467663
-0.36473051980520843
0.32924761757616
0.8844610253503356
0.2497348125070506
0.1470723128524363
0.218220802502153
0.06976260375464058
0.06657227031591467
0.3808103497386128
0.63534766187519
-0.12072327589030926
0.14376913230315191
-0.1590693705494262
-0.35508522491172473
-0.39693256663831716
-0.22725790831774256
-0.650034033472215
0.1594092368236796
0.38305553674958076
0.0761591007460969
0.07626126048073516
0.5959283568296118
-0.47942935329284364
0.05959321048595498
0.35138643560473004
-0.29453985725995396
0.2581628629646897
0.16920879276539014
-0.4309484818249804
0.10071942838177973
0.12651398563256785
-0.17867550642386346
0.15241059520871594
-0.3376557285781477
0.22935273974502018
0.3810281276897487
-0.3245759442031017
-0.054472185337186396
0.5031476503381135
-0.2130017868519288
0.2942273530032401
0.2425390458116676
-0.45967274594340185
-0.27181799721634786
-0.017911089807720482
-0.5573103447165205
-0.6633746688316048
-0.06502885072929439
-0.6358016917542884
-0.13257283970436526
0.115053989986994
-0.521329984351731
0.03217336438622882
0.48332369310988704
-0.5502721895035007
0.226471699230453
0.030408174026046553
-0.39548520456584185
0.11665593872704266
-0.11855961817797654
-0.2847327320733966
0.14462889162276307
-0.0640666531984892
-0.3281584398146174
-0.0561636615227495
0.5483102189863193
0.7702764421448444
0.14873527673506487
0.35759138755736264
0.45272736471051145
0.05690898577773295
0.18034522698350328
-0.32037674366567515
0.004270959096668333
-0.4313710887528154
0.2956137219580267
-0.738328216679597
0.4507528925551166
0.41179805783919854
-0.2980861914983301
-0.19401704220484464
0.6677172024454192
-0.6181722036258127
-0.7167858283472825
0.19823185057665055
0.044654678860591296
-0.6713836301887056
0.16301144038070545
-0.650678111427445
-0.14331555861893794
-0.10127390163288086
0.08966760887626093
0.2501847937566524
0.1935935779757659
-0.2746276634332618
-0.04377983067526614
0.4377450371232823
-0.6459525860399714
0.016450097667994407
-0.2486021839330562
0.03936736720381611
-1.5373530738388763E-4
-0.08603607068861768
0.434133417485035
-0.4154264328858668
0.15749276088248268
0.5710516045062243
0.7463001491812229
0.3508461098093206
0.36009751482275754
-0.6348121476245326
-0.03760977746433244
-0.13600780498004825
0.648810060606369
0.9172132102199853
-0.41787056692668634
1.5455039310865966
-0.8690469279350074
-1.0436859000423753
-1.1502050545089244
-0.9223455293338123
0.0031975859884600505
1.3596899965211342
0.5311825458963618
-1.159320092001313
1.4010271938449868
1.2312876853293828
1.2095830019139246
0.6804830020792138
0.7215964861926742
-0.041642708829364564
-0.5552958534807699
0.05806751398790115
0.5196834320467253
-0.924192002532255
-0.4393173963089818
-0.627158963431872
-0.16112424933201624
-0.3810924996010338
-0.39512312380816283
-0.4668802991079495
0.47188969093541105
-0.13466394172025553
-0.6966816300431374
-0.2242716292870115
0.4853227768254365
0.12443633751373592
-0.11323987371104619
0.07772774903034553
-0.7947533341704123
-0.755478557035065
0.019965946529802717
-0.5592536219695621
0.8284769302904189
-0.34838276846755545
0.10646673673408133
-0.19066953990541352
-1.170143374293017
-0.4445654205443831
-0.6062296494646132
-0.519701492172491
0.7717227614019488
0.3087823825687654
-0.32691536394107196
-0.7288806980560597
1.2118260281108655
1.2732088267924067
1.3079002783977058
0.26423102638285556
-0.2973967806044727
-0.13322658597960635
0.36765013703803234
-0.13075510415214192
-0.13804581498181145
-0.7493139116754562
0.11867624492065834
-0.8661878129175982
-0.607033414766375
0.11531253235509023
-0.004444010423438004
-0.3003051989745198
0.14717643421766063
-0.8576507156862917
-0.7541484855406483
-0.018347685825460154
1.0332470142402548
-0.17842050859242267
0.006443372718634079
-0.6092287940578711
-0.14593140762383147
-0.22437497551495117
-0.4081773489318027
0.14955815943657846
1.2255751606098577
-1.57560650493496
-0.05269389969388395
-1.2032949321336655
-1.2645643748687496
0.035428307726141424
-0.6496279084707807
-0.7833090202436128
0.7777252719973624
-0.1010079005665338
-0.8947543335797322
-0.6792700070077863
1.6319806431044437
1.4874888344995472
1.0916192099025455
-0.2069437421929538
-0.1253422784449613
0.1023822910086316
0.46556694753318995
-0.08537916937635023
-0.14706914181121838
-1.598027431294087
-0.4641292112935842
-1.272662764175437
-0.27740413149202026
-0.7036007257263569
0.005887401693609986
0.2432372180254473
0.7310765152772815
-1.2633097345278024
-0.7552373802760619
-0.2767226824730397
0.42090142377797934
0.37150767483923547
0.23660686533668485
-0.42591152367489366
-0.772934027414729
-0.893998763542474
-0.6051795893471166
-0.6099794930062697
0.46158598363419157
-0.5954786789504481
0.0759735208654618
-0.1270226596769158
-0.9729447405278371
-0.35606269531824897
-0.8806408641324074
-0.5361232077976652
-0.015454211392271289
-0.06600180956629705
0.1542929220810687
-0.6541170895122558
1.4171098830495286
1.5223100467750363
0.7979716508923308
0.2805265483629645
0.38380341330596945
-0.0550191253722636
-0.2666882417361832
-0.04756730114625772
0.6775416132824174
0.43431661655371984
-0.186786239433803
0.775813637130784
-1.2307585815745172
-0.41912558292396823
-1.2606510125645576
-0.7365780796461701
0.43265712205682283
0.43486438465399313
-0.12922408505641644
-0.2652290090367557
1.8556244941298377
1.872641262267487
1.493273778679135
0.07412140281322095
0.6362495543529623
-0.0668289359331851
-0.14649249868455774
-0.4443405258468676
0.1982307446543633
-1.0308039706822791
0.039990447072651245
-0.7504495853188431
-0.3211627088291744
0.04697862880592216
0.2036961115692025
0.222098020998543
0.27467181710899086
-0.7463111502642162
-0.7583754961142478
-0.623741237722782
0.8768186748699522
0.9980502032946007
0.4743783817153285
-0.7505325046523825
-0.26184196122280123
0.2976538203661143
-0.4188199999003656
0.13912546625352568
0.45364113946828805
-1.1446474196475391
-0.04489347532802951
-1.426271891803063
-0.12712899085587132
-0.32647340149775483
0.44320639657607525
0.286992910670655
0.5748716357797252
-1.5427406053657728
-1.063630856700352
0.5254980595756025
0.5811359522741023
-0.08149228540964744
-0.12567148956826663
-1.0202223303340816
-0.24763042402915045
0.24468643862113434
0.21974155607622628
0.013493188400356309
0.53951329979079
-1.6140761398722776
0.36588245665352664
-2.0036013460971294
-0.25249529421969014
-0.2290632252951447
0.2201478719159458
-0.3310833741750362
0.5732532355755611
-1.2322932956446568
-1.1637386628924855
0.3334244830730493
0.6389137335299327
-0.21140349974107528
0.07623294820682766
-0.7666103418477438
-0.8138004060845799
0.14495415714220702
-0.315440289597428
0.4702643374517043
-0.6521008453405513
-1.1992813772605462
-0.43753679862708955
-1.852379015100556
-0.39840814418739234
-0.19085620252757035
0.5391353559931651
0.5036287195158238
0.4163900089374753
-1.0322994089147615
-1.453003600950779
0.24243864961919845
0.49098370106784117
-0.6324143457447041
-0.5211127670252369
-1.2018493154866408
-1.015561703749699
-0.13290748541173814
0.0642696188033866
-0.4556853988326175
0.4512480179278427
-0.8790821608446001
0.14580103553072085
-1.335100731367522
0.013310667230697305
-0.6501285184345436
-0.28492951162429153
0.2812418495785857
0.35279630724096944
-1.0589109972359592
-0.4140023209159214
-0.36682603446329837
0.18982854978558136
-0.254506196724854
0.620940334793981
-0.2685647566912302
-0.03948513197583143
-0.025408493660439638
-0.041884221672513676
0.43210565666809664
0.21369014117928983
-0.8260477170249921
-0.4542814012811809
-1.5576289389335611
0.18464024971095075
-0.0495293103422348
0.4736581244165173
-0.0023228098218329592
0.843418308683364
-0.635681884787509
-0.8635621395109334
-0.3411323768036684
0.42968789736510177
0.2950879584193933
0.3778040503411637
-0.844413540603572
-0.6675504080485443
-0.052099857549059554
0.35482871815696604
0.14218724631036342
-0.08161781123312707
-0.6811245303139049
-0.3070760509446275
-0.8555718869084872
0.04687461996647168
-0.3767326383117556
0.2341642840103733
0.054380723687255245
-0.2953530731175306
-0.5728101290121503
-0.6867631086814485
-0.21016901005903635
0.051769662157927554
-0.07930855402617012
-0.6358898227009675
-0.41445199562081514
-0.6998904479652989
0.20499808092455885
-0.3335389334678039
0.054012246583223775
-0.24771166588918805
0.023992202717643296
0.19099785623647292
-0.3057766322165953
0.09830525093720416
-0.12776498730616295
0.08420321878854548
-0.10213230018747223
0.43400495519617727
-0.08423684213429214
0.18545831209777727
-0.3575491498286138
0.38914865328042353
-0.3512528505867333
0.5122704298008697
0.3219401384769361
0.33655253461589457
-0.11197403447590304
-0.3167632710825077
-0.497812792140632
0.18513325851894652
-0.14807842167668883
-0.23692986567643748
-0.378976094849384
-0.13063046461721603
-0.008523174455549048
0.3373799901856527
-0.0225304608239188
0.729812250542888
0.23483011722744973
-0.1622609808232963
0.3237651938384492
0.4659012733199254
0.5587043464714201
-0.35213883692572706
0.16738123350335962
0.217579761391085
0.5779699189386074
0.0025384350685540473
0.624903084848834
-0.3645250521919742
-1.8117497480923412
0.4450572940555589
-2.5809231797607053
0.404518556073022
0.36582853240586916
0.16281390105276405
0.6546554315877466
0.37318746872258396
-1.39068643976004
-1.4308963477966683
0.3715498077293016
-0.542989584513036
-1.3265475983847244
-1.091573735760209
-0.46926054506410925
-1.5622228477893998
0.2175922915493667
-0.07866823248718258
0.11699174455842626
-0.3949144228635245
-1.275751685314052
0.45375439622447206
-1.093200169714948
0.6058954034737445
0.34184228119783794
0.2970834645257884
0.05714184517364871
-0.16320831498157365
-0.32521184989143315
-0.7540157959139443
0.2181975436140612
-0.7766366732373513
-1.328315417686467
-0.5479965580271972
-0.4178777943510946
-1.245356783914909
-0.2374405727567262
0.29207761052520476
-0.5603732054288101
0.5776020775827047
-0.13338749546266315
-0.414992364042669
0.2376069335917815
0.07132837367964223
-0.4887603849352844
-0.41906850938878837
-0.014446416945162879
-0.13213040016014796
0.32498675612209654
0.2054561231862615
-0.6191616054796697
0.14196658992395766
-0.21488928038867344
-0.5401143634102774
-0.16251195114269607
-0.37514110051332544
-0.8614664988244359
0.2098376834985345
0.037860606633415346
0.9435931850411472
0.4215209368401633
-0.34782718067115553
1.4882579533679405
-1.0350447120274322
-0.369311371597572
-0.2597571509882595
-0.3792078524034741
0.08363648367548511
0.6658244536325831
0.1412673027740039
-0.8712239889114531
0.045521525314264094
0.6670211645957971
0.5983128592334672
0.9111679396226576
0.8087747585995317
0.2837614950452209
-0.6327290116915297
-0.26807109136312934
-0.3315149781180454
0.1732570388723246
0.0527373781825773
0.526579015875862
-0.30814697987049905
0.08841683385301857
-0.5052175806977425
-0.09617176546360287
-0.019878430381695983
0.15978244662134009
0.7356630004628533
-0.06505768712407392
-0.09617002206614995
-0.17228185670829407
0.34778973375959604
-0.07326998434900879
-0.2197528841445574
-0.7169532133034848
-0.6844772151169686
0.01064580481501223
0.9112632395674187
1.1116826778245952
-0.191195492412992
2.1939618111070396
-0.23126833597016774
-0.11076051286975964
-0.25793995937476294
-0.1489790834813897
0.11920401844032774
0.8296299259980143
0.37154437102901866
-0.25395846076361617
0.695468417445447
1.3652700931903239
0.4592182649122828
0.20458109540591898
0.6579027980342719
0.029635028353636954
-0.2132906912647258
0.20451457918032873
0.7264099391864701
0.4165522996397527
-0.5792715861482459
0.9319953602031549
-0.5440458328163529
-0.060991368098230775
0.2158178326821424
-0.06855343570387162
-0.3254070689931531
0.11661303825969407
0.3598249261032184
-0.35826254601742996
0.03416806397629777
1.025940694021602
0.019644332247831263
-0.19316040905920112
0.8141520096017788
0.0717007401537446
0.42965612502137895
0.6044471518978862
-0.4842516272409477
-0.12128794387906944
-0.16538484308805293
-1.3957730089369993
0.9079755522092077
0.6561273785913675
0.3109356127073651
0.01817777015999185
0.5240994551298032
-0.8957654472428476
-0.8412937545996277
0.6292069870395341
-1.020384693190879
-1.4442260500880209
-0.6058510722350455
-0.8238157576636786
-0.5589312453882206
-0.42619882816907595
-0.09832321995337308
-0.4264302785872268
0.017706825027425845
-0.4205175493079872
-0.0387550516276318
0.1423152917034732
-0.255245284046916
-0.21968431919136397
0.2821758191401974
-0.15476227785491328
0.4590380485426713
0.3647768823196556
-0.3905103165151551
-0.14937396082408158
0.2279481593600122
0.48880932521040266
0.2724669576983236
-0.08938446835152701
-0.11203210523949557
0.07213771950993678
0.29938951577367184
-0.15919971301425448
-0.7164948812451692
-0.6115926157576191
0.4359662368782084
-0.9282158321959904
0.7484653335945375
0.0017895491638036084
0.7017695547236826
0.6271393766400193
-0.31371822946621714
-0.24689166675333513
-0.17089863785866685
0.8399300446698275
-1.2886203628211739
-0.5458841732240917
-0.6687630993638937
-1.004046579954927
-0.37500718099696584
0.16669550172351422
-0.5778453429582014
0.24982221155446055
-0.03835279932153035
0.5706510565128354
0.3934313425300539
0.8282906099048472
0.04270037236044563
0.3323921330963079
-0.16572353490260874
-0.12582349383830604
-0.13319196071864575
0.5823741771938739
0.4392249376678627
0.25272516705433357
-0.36438238604481077
0.13455084658928307
0.4292991012015726
0.6597578532941499
0.6192716592127416
0.1551039281704577
-0.3629801695464845
-0.3448212919758226
-0.421121183365796
0.2355859343196376
0.2411907816917556
0.6215914152724218
0.5095389868900138
0.3363545380703336
0.22306923474521345
-0.2918438256096733
-0.5682595466558665
0.8625058776196817
0.10432876990424829
0.49243328908008627
-0.5346728343290271
-0.30233078175947126
0.06642149813107835
-0.04966019474950101
0.30746499362868673
0.7067790879758136
0.17376921101210627
0.46200644198054674
-1.2219023788960124
-0.4985857008567148
-0.10120332775702214
-1.8884192818352699
1.5737069621452318
0.5558884631673477
0.7727330358421223
0.30030759064083995
-0.38066340953979794
-1.573480957450047
-0.5436360270160886
0.7824722271187495
-1.974296526709487
-2.6745821658680127
-1.8636167168080398
-0.2918930778262928
-1.1542371055527165
0.5905078363679601
-0.06509092318126633
0.29717488207161746
-1.5621339316182348
-0.7932214313305721
-0.18676358948284652
-1.9263161337945807
1.000109900517131
0.5153753799367038
0.1786375227127285
-0.007848519912343288
-0.15512151897573534
-1.3154636008441238
-0.6272181647632491
0.4758301726737161
-1.397002410097026
-2.407363366279835
-1.4655728673102395
-1.1860126110689324
-1.1906200183186333
0.6562903886772786
0.40311937181496166
-0.1993756471795796
-1.599438062851757
0.051753729679245755
0.4930173029227898
-1.3453303647119368
0.9586536452228803
-0.024630108504927282
0.3958845507081888
0.8216547684936631
0.1172757743335983
-1.2399822616521785
-0.23763202715644993
0.6104960013842021
-1.568383887769248
-1.4026752967508376
-0.8168709236801656
-1.1104356749433246
-1.4526495148703622
0.5645460453247938
0.4059751328075176
0.006258400718383846
-1.486285925490378
0.27783282169769735
0.3112525254177302
-1.181812436098123
1.305928600790893
0.5113867915043182
0.8845637190308303
0.6572806391968642
-0.28096632208210326
-0.983719997857111
-0.34304137988473365
0.7267662379177516
-2.2787582841229264
-2.1005238400543886
-1.8052147743896794
-0.4282554599538623
-1.758488573316247
0.09149617654141874
-0.5825924923855514
-0.22693741005954143
-1.4675629761714004
0.3303480663837554
-0.007277465482531639
0.15671807632606552
0.428044276690459
0.6599020015303048
0.5756411624188756
-0.17889937104397727
0.3274349187883435
-0.6688768541245408
0.48098587090940403
0.5359400581398818
-1.388855957047836
-1.2086185601212343
-1.367127867453076
-0.7506139476401693
-0.39266015565072443
0.6337075839602443
0.4088414777506166
0.3046340202330072
-0.8677738841625786
-0.011620485467742482
0.4084258767899664
-1.3165801496138583
0.7324818718058138
0.6124499287442745
-0.019886637188455247
0.7417563185487333
-0.5443364210839584
-1.03762301704079
-0.6625507816082821
0.2820440105542292
-1.501192910627
-1.5533524587449006
-1.2455546576556096
-0.8329298353797226
-1.5312899607934507
0.12421783235869281
-0.28187925509089523
-0.09933053483354584
-0.6528772093016728
0.31829916249858703
-0.1273745656793995
0.454877297550964
0.5511152697361622
0.20115709951979768
0.03338427296955591
0.3105768859939419
-0.6683502523033431
-0.5271326777369583
0.3549766058312954
-0.14507604004886382
-0.8259403881075884
-0.35332370421318393
-0.6884582655779033
-0.24743298500737473
0.027212053810935482
-0.2289129163867083
0.32377213649908754
0.02604880557565946
-1.0784307435102845
0.19401934752557062
-0.3263512972300354
-0.6893530583863426
0.28665092022942046
0.4588837165791755
-0.13044080742182118
0.1133830476956747
0.393740275878848
-0.35739949000219323
0.2874299368810814
-0.3338113233993889
-1.0452839213469745
-1.282873979652869
-0.8066958468516368
0.14836039845946344
-0.47251904938281325
-0.32449327114051896
-0.16747716115618566
0.36007467368529905
-0.08741942305747791
0.4025629146007509
0.23538788323618168
-0.20889197943354867
0.16827680253401042
-0.49897446450098487
-0.2383940586434688
0.2755547435871855
-0.46927934653167275
0.4149324886612991
0.47829240624241676
0.3438145838486553
-0.9842122775396592
-1.177170761557304
-0.2964945738375914
-0.45365338743892186
-0.40051241961150186
0.038340903860840124
0.0453465433089552
-0.09645826091964362
-0.6388565007700081
0.4563145244552178
0.25473475172468113
-1.225896579288657
0.810192608272934
0.2552229671261767
0.7401841157125223
0.5686530495143035
-0.5427201682260664
-0.8398924465593579
-0.06626153428554474
-0.022631247677391633
-1.3202953669897364
-1.4468353903860203
-1.3159464716839842
-0.6511367647516646
-1.2917214000396342
-0.29874679962431494
-0.43206129335683646
0.09060397007909629
-0.40185098043876577
0.9493214928102088
-0.10691018444269818
0.6293816520671804
-0.609485276002549
-0.7458065943642093
-0.023548253833361742
-0.3458219374344086
-0.2569803375671478
-0.04613134413715206
0.08599571117319635
-0.28269971183739134
-0.30635474384146943
0.19818252641607326
-0.10863023009650696
0.08009741753905873
-0.13614648247872546
0.0025820501853609274
0.39649041360290493
-0.02087891983612618
-0.3259519987455226
0.27470137610181383
-0.36138517752831334
-0.2418818046551622
0.22128031216683633
-0.27720973419002637
-0.08733729503479847
-0.06761746288418082
0.48819662128274793
0.19709294280617964
0.12938749610127184
-0.6218333285743601
0.31193241961592366
-0.47866167034133633
-0.6651291327726944
0.11934178637490876
-0.7084459659866443
-0.7360895043502481
-0.2600933864023979
-0.25998830369521225
0.8405906510406234
0.4852831808122594
-0.550170562674975
0.5017035926239449
-0.21161817328598423
-0.6907159491517376
-0.24061622173496552
-0.017341145326305228
0.2995247409464668
0.6671905519516187
0.5962087108668127
-0.528085466587004
0.9410596754860742
0.25633747950023783
0.7791516285379424
0.47632616783838194
0.8958507625913844
0.34517779636164664
-0.5176270943933668
-0.3137372185639028
-0.23004261332135867
-0.061808840205813044
0.36413095959404973
0.4586422689731743
0.02688534684365113
0.049452328624398134
0.20158470663590988
-0.14950110785097193
-0.19608066236322047
-0.2853785740870422
0.6617998192348589
0.011838644686753932
-0.12803481096028108
0.2470726226468922
-0.3417484503271389
0.018832630084237228
0.0764928446058783
-0.3023884600098514
0.022632014797633264
0.011725227233558958
0.26942114944754797
-0.40894394348499646
-0.48703293515198887
-0.22990878227323333
0.3712438040345001
-0.1571500716484701
0.043636097254409444
-0.09552677185465551
-0.3580087723042423
-0.39534744366861774
-0.13013815413324414
0.22439261828255616
-0.24669369908532573
-0.052072141446191295
-0.18043171372137098
-0.486909783490924
-0.241386155833771
-0.2258451271098715
-0.19428862993790394
0.12456524624796203
0.08928714836061531
-0.6749172297335414
0.40475527611941653
0.33742686985282294
-0.07375352118121346
0.6111315066232974
-0.17065760897392857
-0.053669931838547846
-0.25902330254747724
0.13800561603214276
-0.30970067702529763
-0.17326275931640214
0.3212089871320843
-0.10017154110878516
0.02746106417939803
-0.32564102845953047
-0.3009444765964421
-0.2953222565723495
-0.5671154080244412
-0.3589102533579153
0.6400704268877275
-1.6087759550361689
-0.16119103613568653
-0.7351324958026353
-0.36957674880400215
-0.05007056252381471
0.350649900903367
0.39516644693874975
-0.27607916880260763
0.002199911866648117
-1.0132035589226371
0.08189129328070055
0.09280141070192183
0.18004048066865042
-0.40757056771621253
0.15575847683814076
0.10290230829496795
0.30427072436393027
0.09862672677995257
-0.013239832908555946
-0.19022225451156893
-1.7123139403143237
0.10695600657677218
-2.343003346481799
-0.03586700920268192
0.3821024302893269
0.6697101223342308
0.351653850140048
0.5247235950594012
-1.1192606622230252
-1.5110713124780653
0.449680303272147
1.016418219743848
-0.28978481207209333
0.03649578796403002
-0.8063536546843171
-1.0932829579803933
-0.007792618150834753
-0.12513186498137194
-0.22140161984778003
1.1429350902546724
-1.064738700493408
-0.1320749258559602
0.25637993554538513
-1.084190719089497
-0.42840842376526633
0.017267871719693087
0.023340384150488815
-0.23354762749976832
0.12995288285698933
0.24195173345384052
-0.485856615934946
1.3954702740442688
1.6617470613569365
0.38420047587480083
0.335547602806592
-0.16217308140194736
0.24082780581244337
-0.2202505506657742
0.28469959784795124
-0.2964143253135409
-0.004487405238345864
0.08857054579346389
0.8303618509761415
0.47354534413576294
0.39921105329102824
0.7367382278236425
-0.14001400596451052
0.4381342340509043
0.21053901749638113
0.0023272603716848503
-0.24780555536189278
0.07901605060290778
0.41686351426299656
-0.15754897097404852
0.4793524197459025
0.3696416784265057
0.3523362136019965
-0.2679792422964841
0.47344863629500405
-0.22930080234665784
-0.38521355369814725
0.3244776580812362
0.7495382471296915
0.23291629561067448
0.6045894332928556
0.4136348540612298
0.48681268296489827
0.5951679939740924
0.30849841144081075
0.12181683621212086
-0.1385468149842366
-0.8111393230924346
-0.52369228166853
-0.594402510652983
0.21404921660734547
-0.19681844598598863
0.06088198715406548
0.38312366085648103
0.07711054624742701
-1.340807661129332
-0.6285892029173628
0.23107490549596899
0.12768343853515807
1.135853165160823
0.4901186851591578
0.490459331392688
0.5511015667148684
-0.3384459286798948
-0.5495419002706111
-0.3088708464582893
0.7068726694376573
-1.375593362406182
-1.6994161363839864
-1.0160793331371607
-0.018211604681857427
-0.44487147480889916
-0.0946100853487934
0.3080630907148658
0.1825222916619188
-1.3320626535775721
-0.287234628487393
0.48185615541334254
-1.6285591829201722
0.5545264941957607
0.4094499384922612
0.439221105500378
0.7588511684056056
0.5072296236878738
-0.8461248957125063
-0.2704821977009386
0.4943692501594497
-1.3315037193852883
-2.0717009043497967
-0.8076844220685345
-1.008379791775275
-0.9386057173184789
0.211775558732685
0.39627522890577704
0.5473618490977784
-0.44058193699827236
0.2031313908009197
-0.15452272787629404
-0.12057911398825649
0.4335184501605181
0.777859560849672
0.5624983899591073
-0.10608577438759581
0.03786559597836356
-0.6353493466289616
-0.37761656026409546
0.3052217566708369
-0.4503374700013326
-0.9429216359872655
-0.4472423826644216
-0.2065852419274091
-0.6573775753448908
-0.05723129256648789
-0.38867062727752666
-0.29161292916563303
-0.6023805105701507
-0.2716960521478646
-0.2229889705891106
-0.037628223040542134
0.285793293826287
0.623361469521051
0.49307405020717565
0.5422960740353522
-0.47845826779528833
0.07507293014426734
0.3996257338035216
0.6043054162471613
-0.8118014752127694
-0.30690662007280767
-0.022706818468080432
-0.19177676749274472
0.0756704786578446
0.22827184110113216
0.01837666325977453
0.16410159693000106
-0.47571129688445574
0.13171617012991518
-0.289188208018657
0.40127906300971705
0.03846919452214606
0.43539558991328814
0.6177028530606172
-0.24398924054641738
0.2495834318025397
-0.1292264787009751
-0.38721787039417266
-0.1682520955328993
-0.7900626213543147
-1.0046745225870382
-0.49102837979246766
0.42067506128417176
0.26922472486714083
0.18641739703246066
-0.3147983397110231
-0.2796312951326105
-0.5256948800684305
0.16070732524035325
0.3035112373297327
0.5320820481684665
0.07325297207911649
0.485186279555293
0.6369785431257697
-0.24831026780726329
-0.5202077098782257
-0.30590918816453033
0.4958409920180999
-0.20553420373494707
-0.6012445771687659
-0.8943604816116466
-0.060737336587630086
-0.3751736251512088
-0.06821820659633769
-0.34671078169380276
-0.15997795988918195
-0.0729898258508624
-0.30995988265604874
0.37827393082205
-0.5577120353692363
1.1507448495164436
-0.48548622175991524
-0.06903955720497792
0.33219401971649953
0.1648974182003285
-0.4544083551497429
0.5357844925973442
0.01454174290802306
0.2241479210618894
0.20184614097469447
0.19528815596828483
0.5569377452326344
0.22415295240976502
0.5370972179645866
0.11579529050610975
0.30469747986556117
-0.6755650689886211
0.8734908936070442
0.3365123023389085
-0.26185226480647833
1.7022281394624412
-0.7695110852842177
-0.3434864429985155
-0.5635954158505591
-0.27664382684603406
0.1614967445181181
0.821833390977943
0.18197256404998843
-0.2012155282458655
0.4011433791255262
0.5721941787697402
0.49511867488795863
0.20741061492467733
0.7870685872508181
-0.7867712929612218
-0.5662245816777814
-0.14570915609096655
1.2974724531838342
0.6393474761384662
0.15821151489070231
2.1989616420077875
-0.6116804835636207
-0.7517744282367643
-0.3440723852445476
-0.6376391038878823
-0.6464036699328907
1.4515949696589794
0.9162892276275003
-0.767203001599256
1.1841669094262246
2.452496002594408
1.0551477051476894
0.6641889744754427
1.8418033557918854
-0.4815359382663256
0.009846211166663621
-0.5361914822396244
2.164758918734229
1.6649437870854893
-0.4579222802498411
3.7063085269617924
-1.8422704649013726
-0.5486166717185865
-0.7093315468556417
-0.5787470411786854
0.009967764749293648
2.286955412260704
1.335272469586315
-1.3752076161729498
2.251456617214403
2.805992559519694
2.384126940566766
1.1774913783785534
2.1460437759284403
0.003566036292551252
-0.024568078392550593
0.0364720119166682
0.14826879156496145
1.376567712515806
0.19022083640171028
1.7962142474747966
-0.14804223208759956
-0.559146924688541
-0.29058209139723296
-0.022757871126019874
-0.6391303274753055
1.2878391619011884
1.190029676109272
0.18038253473466462
0.39787086427314206
1.1229059470180276
0.663219160426019
0.7018685616527509
0.6858857813957087
-0.7695596229594472
-0.18045239824334025
-0.38818396996944887
0.14715230272794794
1.5126642428351555
0.09519696808769744
1.5657298069367223
-0.1672486186061167
-0.7293364233023639
-0.822610128874963
-0.45221326493940356
-0.2474641065936165
1.1843264030707354
1.4603282780903155
0.05310276551243863
0.28596915645647436
0.9590460006657214
0.06033654233745044
0.5968703622944338
1.082894914760745
-0.20432930406137376
0.03921651725627188
-0.05491936743689627
-1.384378671286157
0.38388030818605956
0.1064439762674073
-1.112480896509282
0.7432804314227649
0.44027496047861014
-0.006013847559963115
0.7603563034352484
-0.6743296141590649
-0.8246114960159338
-0.22137932490501414
0.5130675982764736
-1.406137876712039
-1.7589830138534701
-1.0360296722971516
-0.2760673389217141
-1.3830715909882014
0.05440969064662604
-0.26099503901556487
0.5545079405237604
-1.0234919847041544
-0.5792715280455518
-0.31885489818422236
-1.4685693656828147
0.6398476937258767
0.37763714474483434
0.23896697846807868
1.0115201273015917
-0.38253984433653837
-0.9287157207707487
-0.39671386129049807
0.5819921118955402
-0.8917006271572513
-1.1551868166150956
-1.664704248408963
-0.5473006649376962
-1.734820502163181
0.6795085424015485
0.2450395357385743
0.28445363509977184
-1.7494109385172656
-0.6344457547599321
0.3598783520961756
-2.1135587022146796
1.6939513518551743
0.5933140788444342
1.1710332689411267
0.3947032817466246
-0.29274405431228273
-1.9532102806955163
-0.5293330183184092
0.848322912167726
-1.8152694700972216
-2.6467636651960893
-1.7452715379606991
-0.6964860619328432
-1.6108091275881975
-0.18439093977275006
-0.31388089799207075
-0.033445683235306965
-0.316368093747627
-0.11174925614564808
-0.38558227188599464
0.10986425670460351
0.44290713620371147
0.45955816570960173
-0.1338124572087683
0.18869901938082267
-0.26204258070703657
0.03430356426474601
-0.30967373724045666
-0.3156231788982839
-0.715295263315573
-0.07088982429835987
-0.21100775820515585
-0.09976805920853371
0.2572914021486255
0.3813489029046361
0.16708500051203418
-0.22477115752932497
0.010690586332562979
-0.0011624031142535296
0.06209799440245456
0.4247832937734913
0.04782073571640816
0.38478580322557865
-0.09709473785825806
-0.13204619063992384
0.0744683519210868
0.08227812932996637
0.06815929385971431
0.4815388492974262
0.2602363810133376
-0.16427156650356944
0.16096116021890966
0.21219809619964736
0.13947579572720709
0.2917372026346983
0.23378531738478636
0.07745282228585865
0.12584371312775133
-0.1339692054179477
-0.44641827654033606
0.289374378965281
0.08635383598421725
0.28448715637140237
-0.265448431283367
0.12603623661327795
0.13674260145597145
0.025272009293219377
-0.08309188415729946
0.4461953893786554
0.4092629691014854
-0.3513987422882081
0.31553977589715976
-0.3809071280511866
-0.3644767746916974
