-0.1363894728309037
0.3229097883521135
-0.29153331110583974
-0.06529899600093636
-4.2957245893882057E-4
0.26453576822537195
-0.2363785681788253
0.005601599416794056
-0.3942453551217269
0.048235544359012006
0.18645064401323813
0.08930440223625491
-0.4974149254146608
0.23267689428971544
-0.4627941351262682
0.28867469208482377
-0.2523676359906282
-0.29614111555083567
-0.2824170701255452
-0.2478402545022716
0.3669553252990214
-0.2759784272636028
-0.14018936405125676
0.4268964458596722
0.35331317741151064
0.22891528018835572
-0.12780161326644393
-0.3751099995643495
0.20268931567447038
0.42358402937422224
-0.29686044523761523
0.1787322986039362
-0.3673543169629533
-0.4471067690992191
-0.27503470360890914
0.1621273696926314
-0.17652182161046534
-0.44640273181429035
0.37708134299100815
0.21022878278248527
0.2729679197457806
0.43470258250985866
0.03174737550505296
-0.029431158121491822
-0.1501381604272417
-0.23285713225765917
0.17234034010650265
-0.1273779961651199
-0.0031344765664373764
0.3380013893289401
0.5256193907268565
0.1553684277932798
0.4850831704937964
0.16499164861139265
0.4817200217510173
0.2799041627739113
-0.03921226432821686
0.19638134405123264
0.5482809793643286
-0.24946428341828641
-0.38789660613218346
0.31206487210230927
1.6923135377700307
1.5253412603373342
-0.7561468592967753
-0.7357178335329433
0.20990577039122923
-1.526722369714188
0.4557098746469127
-1.0939541876369916
2.137846844764282
-0.5819931217195707
-0.6102022694511017
1.5740225936081915
1.106751593401674
-1.0988631173104844
0.9708587133213988
0.1240482310899719
1.790769730394386
2.5010519445497166
-0.08828596756695314
0.5365622226686622
1.3934938305773337
1.2051799988737795
-0.8669002349988411
-0.29443315661518843
0.7229970916445416
-0.3847229306889905
0.007898074561764033
-0.7340291132536698
-1.5029717135525877
0.16607993762090215
0.39455876224429687
-0.6918673000361661
0.41411547369875557
-0.41035412922441444
-0.6408965007627716
0.3815433684877434
1.3718123312436055
-0.3628916746393669
-0.3753095301452323
-0.2877951700655575
1.5650366311671062
1.8893047519828143
-0.2765737986700283
-0.17804602127731758
0.43036216157266766
0.7091060175736746
0.44775647715827127
-0.19114305471828044
-3.6881497423609373
0.09792104004561367
1.3484463293628999
-2.895087913155077
0.6113776349961073
0.3620099098167571
-1.3218624946524824
0.5038066669633645
0.9315338530339995
-2.210864025723295
-0.12185921161333177
0.42022288907633526
0.5740760923768479
1.0601081628638314
0.5918992672068479
0.43720565259440325
0.6302337767293307
0.4576708767256642
0.09053598632321226
-0.373983210073301
-3.4677413010648235
0.1737842334822037
1.1479911884723972
-2.276054177522005
0.13733047817647784
1.0429654923922924
-0.5249271940414898
-0.33779208273814504
1.3182900698985496
-2.824837085170964
-0.31701261830255817
0.49191970808825325
1.2941918178406357
1.5382771733603924
-0.17072992871725665
-0.6325369004899429
0.7260122451198293
0.008878269153927337
0.6779116323542643
-0.7552539339010885
-0.5067412840472573
-0.5480009039528024
0.27629169795517095
0.03587350975397029
0.1684736831921885
-0.7779206505896658
0.9032765760303437
0.2294328120440596
1.2146337494888273
-0.2723599079092423
-0.961659841947368
0.14971062373803398
0.5415524855255516
0.7864597860885474
-0.9504561449434534
-0.20861660394361584
0.26784240254120484
-0.6883104596616592
0.672962965928971
-0.9060968264245169
2.050464174096802
-0.32127138096718777
-0.8501569596482389
1.3444599173609846
0.929750002212029
-0.49029697159846025
1.369502533448671
0.07669574382259152
1.068319465969574
2.251791525594707
-0.6277303557534936
0.15857820451071067
1.5701417308719499
0.8945739086841091
-1.1336935325345483
-0.31542660507604614
0.1978030774656705
-1.4225783747182792
1.2371921655574385
-0.4602876422622642
4.334823598590191
-0.9192239385118791
-1.817718510409081
2.775283443580849
0.6880574728777854
-1.7637829951697057
2.207280614006451
-0.18354018594785507
0.48260372314000916
3.5121519661709235
-0.1877976428214881
-0.39847721467083247
0.39831373008282017
0.3581326430024269
-0.4864628059064703
-0.3389228864716984
0.5051123603106932
-0.8885301396185641
-0.0064933660064126816
-0.02603844021986779
2.0732412589173532
0.05695676291244236
-0.9594710707674512
1.342926117051877
0.6417662308479732
-0.9017999333375515
0.899582146662042
0.21172210310249406
0.7259079179448475
2.5334375804966442
-0.37206072333387163
0.4412019670437883
0.7650631548982905
0.23618804176653302
0.21205517963483295
-0.4862019077908891
-0.09949000716504518
0.502312572986528
0.1046843659254236
-0.4358083071877799
-0.4271159021311942
-0.06882113421062451
0.3631171988485966
0.4829572264645212
0.5744075075911398
0.24802826527250615
0.019314622946376477
0.016174278095377647
0.6659407299879706
0.5708192907749337
0.26815992684520756
0.20616395846105448
0.6234664857816974
0.2688490357192128
-0.14186144636827822
0.07086571860378761
-0.12235265265069295
0.8184497043440088
0.21017906979754933
0.2863389963914318
-1.4044372382094508
0.056584882959910786
0.7338162159417942
-1.0305174821513179
0.33383352008962747
0.196674256209724
0.4201281971892904
-0.06818828072006373
0.36641589156965726
-0.15628630759389067
0.14385431123070858
-0.1968440189637583
0.3777824458537947
1.0413070930781392
0.04804211009480938
0.4589479246163286
0.32067151250040765
1.2173732535069657
0.07298502919089242
0.6897351231141796
-2.256540353017833
0.16586351164033308
0.7500307219021961
-1.3446093003403867
-0.19017818092439462
0.44842707421289124
0.21716818154310394
0.4355959536350634
0.48396386054229046
-1.7539492269712984
0.4230804983328836
-0.4605111907904787
0.2289398554394495
0.6243096838195825
0.07522625260144956
0.6005049253639289
-0.1020963337271615
1.3179928116757302
0.1882552147006949
-0.04896947140781983
-2.390851650510767
0.472442561540289
1.3973714333717138
-1.6097622603451978
0.37799518378953695
0.5530039574815153
-0.010721669653392392
-0.37591794317867216
1.165287990943107
-1.2409328253753809
0.22832566237753243
0.479533925730889
0.9316527755099835
0.7561035875982693
-0.5791337693741524
0.026015712717258367
-0.18087500359307782
-0.2542245275384753
-0.04852715146239898
0.3694856442419267
-0.21176940981073378
0.4015822305982952
0.4497352905668181
-0.45785332328366213
0.48619987714800667
-0.29061719641942235
0.23627106715590385
-0.4202758125421572
0.13586340511887793
-0.20460621950728167
0.6149768368636559
-0.18352770589169443
-0.6174375853662032
-0.7247809560812033
0.009031947781811737
0.6601935063787248
0.047019613561145694
0.2067646102544565
-0.030926923352992106
0.21411999816584465
-0.4194357243820086
0.3820288645884685
0.29202725639247923
-0.4630578429068527
-0.6547500860779331
0.1900043648245872
-0.5491494702882092
0.44820127715384983
-0.8592959329772201
-0.7751373143982869
0.10365258367563167
-0.18247312024043857
0.06235447110809836
-0.29337792868531976
-0.29208501859490693
0.4909308567368615
-0.03902554782920597
-0.4394537721443175
0.26947988584128524
-0.2476107218181206
0.029624348305747148
-0.3185303089827528
-0.5248447757157851
0.1228226469614665
-0.31352532215926304
0.24927809004591056
-0.39829329669825897
0.14553362242030515
-0.2991848719325329
0.07642219474436715
-0.18038907969865117
0.3861423431394401
-0.15713030569827816
-0.11756754691363605
-0.5882502359201577
-0.21621155353256125
-0.3039472235127165
-0.1840881882518577
-0.4463174369739375
-0.1825555003338762
-0.35292879591605775
-0.16713081619701387
-0.054796860098440654
-0.8998590894045059
-0.009245167280947948
-0.09214186538434535
-0.8479919196247113
0.15378719189712703
-0.953089020100324
-0.36164733611465416
0.022955133137851958
-0.11999245749098197
-0.21358814719666624
-0.41044276704292015
-0.7771336705358906
0.07689040434429995
-0.2764058047341445
-0.12120884796541456
-0.11458236216152287
0.20797147286701986
0.4538368400806972
-0.6431855402602094
-0.5246066298996565
0.7784257163749263
-0.1278225877566392
-0.8376521898831439
0.10739560287517703
0.14361071682717683
-0.6514685747924714
0.6776295528952724
-0.07899571085336382
-0.09601583549327282
0.762327901161219
0.5115128939669837
-1.432985204211151
-0.2780290318415364
-0.05421391719436903
-1.3780958020501568
0.08016221167214865
-0.04234743169717211
2.188794074102073
-0.2934354241166372
-1.0951808045768896
1.3617261922405979
0.055902026310614625
-1.4114294577002202
0.012385417806176094
-0.39419549349726074
0.38910864138064905
1.5090459621869365
-0.6457057873503299
-0.17214948362182345
0.18211095917179612
0.21635153229915308
-0.6348465109249212
-0.4856488137884469
0.2293671267129272
-0.9377992515693103
-0.5393884218725247
-0.12432030378800758
1.6974353502605328
-0.6313963041882424
-1.2124848441678937
0.7424907038340762
-0.25109176924237864
-0.4871149934755608
0.43800818454878826
0.3244685785602889
0.2889199872403767
1.4522827756622676
0.2677268325185593
0.19298369531961068
-0.6148748656980174
-0.5990355526060258
-0.011133845035628106
-0.3982307923276945
-0.11661301234084928
-0.3417653205046634
-0.13154326664300234
0.4788671526863528
-0.14725170941174595
-0.07909363668192025
0.5330832380927694
-0.34795300689405445
-0.09724579043616144
-0.02286834522838912
-0.28917063284130146
-0.23296133284967777
-0.18499820324329375
-0.17645025779719328
0.1867195132715313
-0.44256116372517385
-0.72924323333102
-0.9046211123596668
-0.4095026657664762
-0.28929959514199854
-0.6806780307099706
0.007745851928858033
0.20041184826316796
0.32413299201204937
-0.04168438784872766
-0.507750019196467
0.5934133001641089
-0.5118549468301162
0.2444601170494017
0.43156002516740877
0.11346237503513341
-0.43982789815563517
-0.6378197570097248
-0.6404493963614973
0.4936955994297486
-0.5019691763842703
0.10843896430087764
-0.32117692747810805
-0.40682830387646596
0.19369922281129776
-0.08146624419908836
0.30640715542355057
-0.35977609209042555
0.3979689781450949
-0.10761185862855908
-0.32327083876300616
0.06657810136112342
-0.3208471815844561
-0.4484366407113524
0.008368458198937168
0.1436239978467755
0.24225028853241307
-0.29105887875468683
0.050869700055878764
0.09737963612646972
0.0437872094544957
-0.4814182670175514
-0.5471186353372758
-0.003966810524858013
-0.07020309016939871
-0.34528052728305686
-0.5473809398170956
-0.14921666811072426
-0.15952439015686004
0.5800540774869261
-0.48742368681979475
-0.24939714535966045
-0.11452466052734135
-0.07792748255618927
0.2654532424208055
0.057636744385391195
0.37450359926114357
-0.09668337838288077
0.54288359970697
0.21805898536959747
-0.11356760128763081
0.7670433871101525
0.8804047262114815
-0.3408422658889466
0.2636461668219912
-0.1472864803770377
-0.35810610330912007
-0.01577542485565314
0.35530382874149935
0.5244087448717588
0.2939242787512959
-0.2318915242243941
0.3270632274790795
0.29615506778713147
-0.17789403423679756
0.05015227869833317
0.2982778095470296
0.45922544947315186
0.2936562589762051
-0.25207146830108174
-0.11977118356934312
-0.5651053115105034
-1.2186637777607718
0.397028474881175
-0.3702362719491431
-0.7992496596961054
0.0975244093899806
-0.33014920034967354
0.40220267753815214
0.3814322075444137
0.16480222573557027
0.5841718484975816
0.2604514548227882
-0.2221066257019851
-0.4180018014667763
-0.2611675131002861
-0.3876553440979043
-0.12710689165335856
0.37756537296486203
0.34759321754488076
-0.1798257585938098
-0.4214804932791592
0.5768664570330129
0.3793840542952203
0.3529823287445942
-0.462184838353467
-0.023475035553608154
-0.49869776287695905
0.3088458288602785
-0.7179152783101252
-0.21564633287263596
0.4836592411949883
-0.5219354428793542
-0.3822141255269675
-0.261111251105016
-0.4491800116080301
0.23802529865160918
-0.38334955099786305
-0.0923763574045394
-0.2687556295169166
-0.5117771727937795
0.031171100932013248
0.5277199721765872
0.34532522633718593
0.4664437954544965
-0.3342684197880071
0.3133145722046327
0.45987199580485355
0.11948372048702116
-0.09422577863547775
-0.157430072411233
-0.654210932959119
-0.038878814023582814
0.5441363122630852
-0.5942520782151786
0.24785111402872567
-0.02375029908566661
-0.40323112858807386
0.786025976860867
0.29516320546195035
-0.6743407022298036
-1.091306095034905
-0.890051650099157
0.37888427857597323
-0.3335109930801044
-0.5296391895894668
0.025586621925639867
-0.3724033484802646
-0.22283540190400603
0.05713376141268802
-0.09267301652872079
-0.12988118834792653
5.205313950109854E-4
-0.5431420553917218
0.2109344647554416
-0.8376256592493234
-0.2046056291714952
-0.24494560554758943
-0.18629977751608254
-0.11639898839406394
-0.3745927814635223
0.41994692470960115
-0.3450302978404903
-0.791254384946782
-0.4528805620557955
-0.368366218120928
-0.4651160256660113
-0.4551863150154645
-0.3548736798384228
0.19400324561589855
-8.29459524217607E-4
-0.099159720792441
0.36581121113290105
0.21908266775290627
-0.724832239309981
0.11949487964739701
0.06335652438217695
-0.06984462934902468
1.067841342415474
-0.8898021398367861
0.19574201712476422
0.7817739220313357
1.1651916319141096
-0.8260768173648306
-0.8367311352513035
0.37017822117792665
-0.6835437264146473
0.2153718082644822
-0.39987836164138124
1.1096021408829275
-0.6473345078976778
-1.0072619779915997
1.057420692466973
0.11214128568657446
-1.1904701910066164
1.1442890464998616
0.18240429532696883
0.700760918819047
1.1546615417406816
-0.005523546886353805
-0.3108233241450536
-0.9278029742049544
-1.4605199442559784
-0.48619187945831766
0.06083906660930835
0.027888298056449403
-0.6981067910244558
-0.21287215443675003
0.24318341742531183
0.6778308389136735
-0.018601678146026923
-0.37595796047349267
0.8932478044250339
-0.511455255402892
0.08029178632377502
-0.14647674989460702
0.0057123227982669835
-0.8232863088929938
0.42638213246172224
0.46918974756574683
0.12982107354699296
-0.2682036974962898
-0.6615034652600817
-0.34111558948983695
-0.04268804229674388
-0.4138691183423657
-0.280738863899579
0.06088376534545345
-0.4498906828057317
1.6742413817764064
-0.3158122746490194
-1.1216741346902541
1.4136057244433384
0.18119465318278155
-0.17934075129441232
-0.25058002960962805
0.24356041970209988
-0.33044915636453803
1.5005970265900648
0.6538454578202437
-0.5946699848867293
-1.0530683564482393
-1.6401691476222549
0.46018714123039545
0.041364535242983065
-0.022147794234898873
0.2656089035822544
-0.7930756376699795
-0.3480820112697126
0.9470933315179388
-0.3805196132188695
0.1481677607520615
0.4917159347511707
-0.6396080919416095
-0.16709881375479352
-0.5720047360273942
-0.3653831698204318
-1.3436820801954024
-0.36899814344242016
0.06209559894427889
-0.05823276051244435
-1.388584514864792
-1.0707218851749523
0.06415515835237286
0.19123377837580446
-0.8232395733779801
-0.25329306931638346
-0.9127865023489682
0.2927322996416199
1.7451232420765945
-0.15853548932422287
-0.3364377952327378
1.4084183847024425
-0.8275656983824858
0.061067185667940796
0.31187809179275905
-0.5587456298325358
-0.658143593476378
0.3589525967594741
-0.015916567543372163
-0.4137624499144943
-1.1826600376619827
-1.7880599126923362
0.08972290888085438
-0.29571232435378914
-0.4043558762693366
-0.5128257681628864
-0.6482293767267177
-0.31619538259994096
1.0167767709546556
-0.09173716875925603
0.010795002067899843
0.8763667395449207
-1.0506348071666083
-0.24095527070786066
-0.2700119334724433
0.36446687057622007
-1.2843734021808744
0.1519079149061577
0.19773859939347535
-0.0915991131464772
-0.17310702444859344
-0.8717946879047221
-0.5205160787545872
0.23941507583027027
-0.4603253149403821
-0.6625885512418832
0.11166322931344366
-0.6828921692168862
1.4902301821203052
-0.4926991553545467
-1.2092755118943177
1.4919459172711294
-0.3203133143739814
-0.2954528160873811
0.6157790193420478
-0.573437417338406
-0.7996314228685407
0.7018223715259367
-0.4574171033783584
-0.09164386335594074
-0.0615435814788976
0.7201317230009031
-0.6379652115988046
-0.40366440433453427
-0.39168018638670915
-1.326527134430348
0.007298214936006753
-0.6953127184261313
1.7183987178449187
-0.541304872029866
-1.088474375821875
1.7199956342448328
0.2796430010808989
-1.1039757965140442
1.0028530117421075
-0.14071764257748426
0.08320159757431861
1.6248998377531967
0.4900984668796537
-0.7828511958893266
-0.5921961565563967
-0.39791978079269136
-0.006376528942873862
0.19504611944590464
-0.7887348778905514
-0.6742328078962625
-0.34339750663629887
0.32087486186136666
1.3206443962117775
0.20839187749059845
-0.615979431573212
0.8370583223143169
-0.5017314667351337
-0.49295361237078256
0.3929195786350637
-0.2633972761961305
-0.5729953537888657
0.11722417140396599
0.5710964678728966
-0.44271756204924445
-1.8613522174417512
-1.8458384588647632
0.7051807885563471
0.05651121516641864
-0.38112520792871707
0.5933018996860376
-0.4777102065167187
0.5835129081998848
0.6029301441664439
-0.12085806674878863
0.28509570893757924
0.2766153379945533
-0.8275052873462513
0.3949853804000644
-0.20269306950736726
-0.3999691628816607
-0.8618001716591657
-0.3066953093423925
0.6221815089472479
-0.2500594130394128
-1.7250375262270494
-2.125333434025554
0.37771024198889736
0.03046290857517958
-0.2032354058479595
0.31926362387985174
-0.1789343193369234
0.3256273459451161
0.6685470732828411
-0.05729104555535406
-0.3262251260085019
0.2813054321154774
-1.1234112340400833
0.4341158099079816
-0.7485081121158491
-0.27242713819817976
-0.9442348573421594
-0.1427008411241153
0.9690979863506626
-0.3775003123299761
-1.2216531789377576
-1.3813041929185164
0.6817155667776733
0.56167851401212
-0.6107955438848662
0.2948164061780499
-0.30220365583826975
0.881437516329767
-0.057008630026497496
0.27222345301188955
-0.12248551696051464
0.4880389811041681
-1.0737869715373833
0.4366662435073643
-0.40783962882952096
0.324640998247819
-1.2061159768217533
-0.695771603232829
0.39589113953624644
-0.44670917406443117
-1.3639009450958397
-1.068766161189691
0.16139277098750857
0.2314555558419989
-0.06738368247687111
-0.5097831618607523
-0.5465116655963181
0.19228280173949958
1.0663980570839733
-0.41173401042506075
0.05651425904942644
0.10771286460768154
-0.040686146503567194
0.44588916825986874
0.023220428789240775
-0.0431276690094899
-1.3389892409009692
0.03547889871467879
0.18386146037690268
-0.7216833011434812
-0.6777286571154725
-1.448294192904917
0.3558711842206849
-0.0988911180268694
-0.6492670899854659
0.4222794041004691
-0.18930641787268135
0.5163069401576148
0.5834732445300466
0.5741055378455407
0.20304547666289086
-0.0036661611966717377
-0.2679910700192552
0.5613186500700222
-0.05567795601023611
-0.49784766704341704
-0.5888352182710195
-0.18711636422402053
0.26287799214195995
0.19076984948070705
-0.1799823056974287
-0.634529549964021
0.7520978738861628
-0.02970275632637761
0.03969499932202866
0.41651962199596004
-0.8772752976409441
0.3183079149226301
-0.18014824385984574
-0.2642368919102229
-0.06100427086502791
-0.5466683719709104
0.054434915400313214
0.4996107200000213
-0.21026889063899248
0.2727187400810789
-0.744907285069899
-0.389371541039328
-0.45938445135265626
0.22116292037982996
-0.09757036776169867
0.06126793990648004
-0.21130176659120734
-0.4585421128179463
0.007553393653659987
-0.1429767490137004
-0.4258835204659249
-0.3773664189866256
-0.0163349230084015
-0.3826488353593993
0.19993339174389121
0.2041787780640325
0.05060025870146479
0.00834046949416875
0.15009423152268908
0.1737000659043612
-0.11934390590894087
0.4859263990323935
-0.28006896335771725
-0.7103720044511855
-0.6333252425705669
-0.8011047403207635
0.5009877723632272
0.23227162510574245
-0.7674459361640223
-0.052978995318238284
-0.07122060937696026
0.20440585159436983
0.9828004517346193
0.007201786758499161
-0.44398128287245847
0.2489983629661879
0.14525660684452008
0.014422428988676407
-0.4160635428007918
0.16069108829476675
-0.9192721914113172
0.7028069399713351
1.1150879365533677
-0.061995933549886126
-1.2954782772202869
-2.039326104975563
0.7844360028420576
0.2073134320861239
-0.9112052443062906
1.0011236390179692
-0.9791487312301715
0.2881742364716571
-1.491959232100592
0.27526124597672985
0.3794370173920449
-1.3190976042863545
-1.2647368316862546
0.6996948660687888
-1.43930615503959
-0.07947024795613623
-0.9003388583265808
-0.9130126013851486
0.15496662778509512
-0.023604915873099992
-0.7463341872012462
-0.43725297596111273
0.9471472052003347
0.44760077683456034
-0.6122145154248136
0.13034018662975627
-0.46257394565468496
0.9392672515535115
-0.8472371176376419
-0.20719500147829492
0.541670360519508
-1.139631844840533
-0.44469129824052267
0.697614749649865
-1.4787713165186411
-0.4207428374312391
-0.8850558586483535
-1.1983812544090315
-0.23161120359190432
-0.03168691642621828
0.31044845773015206
0.14215154689772785
0.34224856100995293
-0.5922970245878619
-0.21255780810364633
-0.4709554335081092
-0.24868509972107108
-0.14481438456284884
-0.5497378340210668
-0.02944664887856101
-0.8003328870850903
-0.5104180159373349
0.5327514241072369
0.15164807353291374
-0.31877087143910937
-0.03783534327880905
0.22962603396087014
-0.16897882512274917
-0.08941280990185277
0.28826094702785166
1.0956525991652963
0.6440462714446156
-0.5883188372702964
-0.17698444120566603
0.3037927931765613
-0.4447440670919288
-0.336970357830898
-0.19002204251692786
0.4515377232410047
0.08270194256237384
-0.9975137472168729
1.00799972020287
-0.0954130956768689
-1.0324058893159538
0.6581793086046939
-0.2148082340213127
0.4395678525092745
0.7633033159829281
-0.13946595228859565
0.23758750654466307
0.3408616626336477
0.50461252914559
-0.15458530448689653
0.2858386239363517
0.21717109039887594
-0.04883122903652314
-0.4385711782353108
0.4443716556742794
0.14772980291629606
0.15842471967540453
-0.19175954650000182
0.20166465356319685
0.1697452951529663
-0.5409257752619061
-0.37196836661785404
0.30916860531368007
0.6045251399000052
0.010106924806745132
-0.8996166276796146
0.4725574900422988
0.9861631397721707
0.6639649730557604
-0.9209123763260587
-0.16068995045488477
0.18338523049587144
-0.8557931801939185
0.7420977662198678
-0.7666751178335462
1.277233882912981
0.1364597389791719
-1.2802220960730846
0.7702149290657567
0.7020189763924771
-0.8629573063725522
1.2988830072731952
-0.07334559039569533
0.9548283356266244
1.6341914866453657
0.33059621019038155
0.17524863534063134
0.46694108195754397
0.5423909249637234
-0.061851572436656115
-0.16901412652092218
0.33313546106173086
0.06891541255097586
0.7066286825010343
-0.07713663014439547
1.3929760797136805
-0.2726791238289478
-0.05723659209915702
0.6122934922725703
-0.3382460326909682
-0.35355065254923623
0.8360953792746834
-0.12675089676052897
-0.11336290449717067
0.9464242485810039
0.5473186929163517
-0.28377796546477674
-0.5639415006112306
-0.2985292380906907
0.6649600361748844
-0.06375405476945868
0.04121455486232353
0.21712266944297598
-0.792959023196431
0.7328300725584259
-0.5122207355387666
0.24547789512887178
0.39789294362602307
-0.19108588876621904
-0.1251573849767642
-0.21458906249318838
-1.2129160616725747
-0.4917027946363583
-0.5075537505339771
-1.1452093013458793
-0.06838458940923507
-0.04081521176626048
-0.2124361609248406
0.49730633338019603
0.3669112575753802
-0.003864565594338326
0.07264283157556825
-0.3221824793747505
0.4203999233241711
0.012640205715380813
0.049782075684621424
-0.31888707690552714
-0.41671400812266035
0.0016181610568687195
0.380003113381497
-0.21731176722457507
0.3162702775228188
0.2609204137784062
-0.3469238089536023
-0.09302622438334514
0.40653896095724873
-0.6279375661165539
-0.8301707308690341
-0.3041404704888774
0.6560198542547575
0.3195950477708613
-0.7038534987922477
0.4724833417233983
0.04243743056263103
0.17262211217858306
-0.7655766568185562
0.36605748768307106
0.48833345172640313
-0.7491701345916768
-0.7287775802849445
0.5582798072201627
-0.10258671179838075
0.2013363105505285
-0.1278462911974698
-0.5001046547043997
-0.33540775386297456
0.10248243522862414
0.6561090873982364
0.5008240128232141
0.007809741302028078
-0.4991743056099518
-0.24301951172969682
0.09934547768022534
0.026408385028183396
-0.04406974277710294
0.34301930601223807
-0.032948828631714534
0.49682448155602765
-0.03484038433250982
0.4499288853739365
0.024356214172977998
-0.11895301471213188
-0.024056852092470764
0.756530136080696
0.06911641356376548
-0.15120856440218297
-0.5698289094578163
0.5010361571960781
0.441668284863368
0.3116003411651004
0.18605559176232436
0.5103342944275812
-0.00185627938040292
0.3558632522826706
-0.11923224311066245
-0.0897794320260896
0.37992629089573954
0.09574778770274531
0.2121757843628462
0.0875570923964257
-0.047678911127395425
0.061735050337585876
-0.49083761256909886
0.5025845283837649
0.38253361545332626
0.4601411705757499
-0.26693256866269327
-0.3834453684010861
-0.7925553778544316
1.1654482598701572
-0.07091811736015372
-0.10132612990141855
1.0371256801111146
-0.6553700057981392
0.7029433663172147
-2.3818860402024793
0.7670844190930804
1.358106985888859
-2.0776390239967957
-0.3927731307311265
0.7119026307105386
-1.4310474106739106
0.5272361049009178
-0.4336959431464539
-1.954735644810499
0.8356806346530596
-0.03749209238063081
-1.0095907760560459
-1.0710938336299016
0.8694821203083891
-0.05705830022508112
-0.5218769632485506
0.638108520453894
-0.935040249347824
0.5164429446052577
-2.376496148827767
0.16748706841759547
1.0993033353088983
-2.1750221507495557
-0.8985432450041972
0.13387106135548069
-1.449466213032237
0.4237487330359159
-0.6444478416906352
-1.9058829641594945
0.26950867358794883
-0.005182051518220247
-0.6831739420271862
0.03442472846116489
1.0834291938099245
-0.4528150493241306
-0.024954848260711676
0.6742159919080438
-0.32493915919155425
0.17384582728301073
-2.4580950341583403
0.5491238296286359
0.8045298035526317
-1.7835029902117663
-0.03181720729723875
0.5325244394638778
-1.5724071794468213
0.385681384272587
0.19439532261137446
-1.7596537343376133
0.5621998346316555
0.23837417410789674
-0.6382166000082717
-0.09347259102317707
0.19692072142993983
0.12075468867995832
-0.33086949582053143
0.8125527573754661
-0.228756759671614
0.5715120824365462
-3.022727134587172
0.7569709432211216
0.7637857912856564
-2.1597290276155143
-0.9047872240749633
0.7963912304787425
-1.424024254975633
-0.08452905242312234
0.03657774143758184
-2.8084009322174546
-0.004497299950217129
-0.20561876838200577
-0.27097165559351033
0.5300459309854435
0.08893064701189576
0.1023855279735116
0.4521804231164604
0.45708154642914545
-0.36538537969371265
0.03429377551440217
-2.75049338336161
0.14641301103955107
0.7173619379598836
-1.9999747227996378
-0.44228842166225707
0.8439583630358362
-0.6860415186719614
-0.042579897071456145
0.04031515009498513
-1.4507776266396908
0.7500250849523417
0.0556727993966072
-0.021730714307198955
-0.03694152363450343
1.1433100198664397
0.041833774105211836
-0.005234442073736429
0.26714502654073563
-0.7807459997979411
0.9221064919808168
-2.839057287299359
0.08642709949788902
0.6942932684584815
-1.5391372182721668
-0.13336763789207523
0.6122825180652924
-1.5568371787190913
0.1457238432147721
-0.6281488348404385
-1.5508313347770009
-0.30286815545234963
-0.5140233552420059
0.5460071667799802
0.6727348719869134
-0.38608294345546496
0.10657683354743012
0.46295510964934977
-0.22776018871582046
-0.6752748922562882
0.05615686687908074
-1.3787389998801465
0.3628523773392449
-0.20924700826208573
-0.9969384321751233
-0.36632880817876357
0.38729942001991996
-0.6035664897092324
-0.5138806131287509
0.6703794531227244
-1.0159068946996397
0.4862139144537961
0.3034168008423551
0.4566237223310256
0.45566913136191006
0.13028149307804324
-0.4382510548227606
-0.19004242901582136
0.0603104942658703
0.08907889920393104
0.009353771461865081
-1.4504106529079028
-0.27466999972853495
0.4561333163528553
-0.563729405079505
-0.3747416378953295
0.44027872958877307
-0.5605350375086575
0.13327269226361305
0.18024213836819428
-1.262272135069323
0.38253394203953833
-0.3783211655573073
0.2513938234457233
0.5311896385141563
-0.20802415172077507
-0.2602024685482121
0.3510595719809717
0.2765083998861129
-0.5572360970915917
0.20169330470151772
-1.2769651393332049
-0.2524645745386907
0.07677000689984734
-0.26238776070479014
-0.32575304823724593
0.015470886625631201
-0.6824812955241447
0.03360309386290662
0.3422896880242236
-0.8052305916087478
0.3233958172731854
0.07078648942555879
-0.2995007789017532
0.2860761893839698
0.920471939916244
-0.5136824659364163
-0.026896584013677605
0.9324021385268094
-0.3677987312129096
0.6573690216268916
-2.7736628819595293
0.14618473384003972
0.910830406564328
-1.5642094901237504
-0.1132002386853377
0.03107379356266044
-1.2310222524096084
0.44210508441387597
0.16465362877427786
-1.960566203149544
-0.506343345426416
0.027551878109993204
0.8455403236795175
0.28279749777087626
-0.38192847578003075
-0.28098921573231406
-0.11531726096893978
-0.8260879578657715
-0.11402593911549443
-0.34576890706819396
-0.6067528415508999
-0.47644194447287547
0.15196594946691644
0.21467533706801775
-0.13680874818232355
-0.3495298259692658
-0.5535916421264732
-0.5334751817337448
0.37562019932349844
0.40826265597222794
-0.008287588459038328
-0.10049870362859369
-0.22229888876388995
-0.3853847353483322
-0.2899599748137287
0.35125038700133954
0.24334396152310955
0.029597882359576798
-0.7183189035809987
0.25026132201276835
-0.9650006794396817
-0.09870499874785732
0.13833504598506904
-0.4974081951790553
0.4517028385215015
-0.18449094417858325
-0.38193592800132886
-0.21989372593068007
-0.4311092280765806
0.08327195811734128
0.17357585923294763
-0.047969898944468264
0.6873901830764129
0.16136878055570017
-0.9143203091648843
-0.47986135139178027
-0.11502215338321078
-0.9828566910644422
0.26793466881138833
-0.21993435436368472
0.7471971161396367
-0.7592840811669613
-0.6093585896666464
0.7932784281913617
-0.11310480960968611
-0.9040754907468752
0.11672717879288912
0.0851425920523485
0.022586516391593273
1.2951605311525503
-0.1580010735743327
-0.1924350053103069
0.568407882429861
0.44016911949373605
-0.7582942177519922
-0.4229966601030299
0.15734612243520915
0.08355849029043223
0.22640546286367585
0.08298258743279935
0.40651691591351036
-0.45677634739626805
-0.7609906172278588
0.4026165931367542
0.20390850658308882
-0.07225558742879944
-0.6217179980186409
-0.13413330807159957
0.31881839608752266
0.3621015507954366
0.12962184385513262
-0.5236665190058352
0.506432790197609
-0.14490862630782153
-0.25097241081619703
0.16949143325620006
-0.017638146918244158
-0.3297717682226337
-0.1513671824516589
-0.38204415841805967
-0.1792128576886185
-0.534796014391212
-0.3202035967386961
0.7939548000502676
-0.11106113719556833
-0.21031468890464758
-0.7285133492290866
-0.045015470195655494
-0.2969902775666789
0.47375143161732364
0.2902709892423504
0.34793777114239943
-0.5881581406553719
-0.3634828551772701
-0.6873632309212065
0.2527267774889955
0.006359429085356308
-0.4861762860745565
0.3049458568791086
-0.5798276186927471
0.032800481554515364
-0.18477067959016272
0.3889171814160404
0.05474576348141758
-0.6295577879830188
-0.3691841656756628
-0.5477546371072036
-0.13184992801025075
-0.318018273677905
-0.06118959907861535
0.2511409384896145
-0.5915392212930641
-0.8670696746900177
-1.584993623537436
-0.4426621068400046
0.2660113615808146
-0.30832562332280605
-0.2349624916389938
0.023709846517462253
-0.5483860845003675
1.2079437314455683
0.34075087484249866
0.4306213116071092
0.7369180926754763
-0.6037960915499717
0.05471930939338021
0.23535332300019762
-0.39188168889449804
-0.49515177872077143
0.007299764269885027
0.32954851921519396
-0.5134613524225357
-1.826109974804231
-2.7804658435426726
0.03553258570895079
0.38426363189599444
-0.6764405581056543
0.5991018954177798
-1.047716754146595
-0.3050809215938412
0.39215830105548116
0.4161855880203553
0.33839137550311216
0.06808420753299656
-0.8459228801310734
0.12699519538989942
-1.258812288245097
-0.24204557709551666
-1.6239934668620222
-0.5281645623296513
0.30523208401078283
0.09763472012802384
-0.20718395970754802
-0.8083486443206879
-0.37243434780862467
0.2720135818381471
0.2352920887285765
-0.7850069399097012
0.2815621957252638
-0.4122770615589791
2.4100903383504937
-0.5422713586905111
-0.7450405621968291
1.3609018021844297
0.3435911272683949
-0.22238908186381415
0.631038278500478
-0.572571377955404
-0.6638371745986541
1.5182253241623698
-0.3429364081857748
-0.13380751851120426
-0.19839004246456574
-0.33024041755472633
0.27782675803665746
0.42292195001887783
-0.05872531239093644
0.30774228760417227
0.40940068330067325
-0.19937693246853075
0.1866150184509422
-0.3267638269469825
-0.09292612002464078
0.16596119513890456
-0.11735119596123061
0.17045778919194107
0.487381471593676
-0.17904765012610568
-0.47652207037341576
-0.2806902760182254
0.18332647839621077
-0.47514978759158877
-0.10296783493937865
0.34046158522324954
0.7290047966743805
0.43010758441709307
0.12206393716185059
0.5950768404080266
0.3895410447193497
-0.2123774533972185
-1.1495106154954453
0.22270123538264247
0.617826237933562
-1.1394170485670592
0.5183242751029176
0.8417790544873822
0.2839779536771691
0.2735294378967699
-0.265310462939216
-1.0623011741029236
0.032422797010162915
-0.37646546417027005
-0.6110319254171366
-0.4973249920622506
0.4356278449029989
-0.006815972996573783
-0.3479037528153828
0.8707822510617802
-0.6969944191161626
0.565696803984408
-1.7278465142465318
-0.030290971674831055
1.0220258111442833
-0.8769561501847803
-0.13431326434009622
0.7331124018353794
-0.3291120686660016
-0.1790398618003905
-0.6406764267567798
-1.3714112504315077
0.8336325566996218
0.13541370183228335
-0.3349347253375236
-0.1401024439384957
1.0926287282974791
-0.09874987936012072
-0.4348688924484091
0.932705410990407
-0.2654326318949967
0.7402469465657574
-2.535835090149041
0.45355341835009355
0.5124937212021311
-1.2676115092743174
-0.6057937652354275
0.6626097957031145
-1.1212785139552897
0.3843874640242038
-0.7306331673084636
-2.338265376604836
0.18653426010536717
0.38209040350687695
-0.24670804724712747
-0.4112486812707045
0.18042094843744966
0.0559484162111919
-0.04855594653739379
0.8690361674875207
0.2224534288236599
0.7035691019182599
-1.693723100799496
0.5600920633713915
1.0002232317265016
-0.9499830443247208
-0.5108340434312354
0.07015039395638295
-0.04020993649708927
0.034413765135251
-0.5044883347360847
-1.5126009999129506
-0.12918053880882374
0.020899588983009604
0.13938035115897662
-0.11659705441002494
0.5161106295344132
-0.32520608535652695
-0.20505186686900426
0.7140857240666492
0.14488859043726038
0.3367725779500623
-0.768363069040465
0.5616364324514819
0.9242205165996387
-1.1100034019353076
-0.05296406675070134
0.3450620536186374
0.09128160714340083
-0.21021592940093758
-0.30448957052333264
-0.41972298074688574
-0.0193303523987461
-0.4081626653419181
-0.3381098624204802
-0.010565913269346769
0.1923495324729793
0.5358291369275211
-0.17748136100101325
0.7120293580502742
0.2717941347975028
0.10194090808716257
-0.811108400450228
0.3590108231871753
0.23545481629604867
-0.3156938739850083
0.33324757738853095
0.14746458830664005
-0.6483011896978076
-0.13857375616594247
-0.2671462367229456
-0.5638572018891851
0.1618978646608128
-0.029691419611778642
0.10627471946381416
0.0870603002204361
0.3239629587847211
0.39614126321869625
-0.08698914422494645
-0.06473495228067905
0.2961554834413397
0.06815589338707655
-0.8027277632785389
0.5961305450554644
0.5268856866469603
-0.9191807892110686
-0.2728739666945451
-0.1791248900351663
-0.0045150838831649965
-0.47740739278029415
0.17109386184631611
-0.5388927111400967
-0.0549648634144756
-0.1675653486562743
-0.04743418309707219
0.7629023620934767
-0.5441936963593021
-0.10994643791350216
-0.18863920944337012
-0.12421733348938936
-0.16701732482715967
0.12276930917193452
0.6304216587503304
0.1278698473374449
0.13070377507925265
0.358106231048552
0.04122447092735513
-0.3641297981375744
0.4146081545263717
-0.32716356671839597
0.7217781611628664
0.24076822124761668
-0.47010727274470726
-0.1326622420623872
0.8709535676690416
0.6611863637835941
-0.5494353773196006
-0.15013497809277537
0.31211289159813366
-0.948157693959442
0.4208139670541436
0.01161384329103257
1.4891806973324953
-0.3116522458399179
-0.3739640059605233
0.8736219101713237
0.6342184757860162
-0.955871763051734
0.8015636920833965
-0.04630170095982389
0.20027172860563508
1.5396145167769553
-0.17236571160972114
-0.31404473513313697
1.2893161622714753
0.9987910620354631
-0.4403211577247168
-0.3641908676894752
-0.12887934201058482
-0.6995671827128499
0.731426237950281
-0.9018576312757657
2.871472134269371
-0.706989667629465
-0.5528983542431006
1.8908639671293543
0.29072391048863605
-0.8826361834971418
1.8955096674635905
-0.7016475254042082
0.6489755651374176
2.472080958974138
-1.1002229407257287
0.46274506140029886
2.203765712094955
2.3986004835241657
-1.6794035481974896
-0.13813925031510157
0.7302261857896213
-1.6350108698109311
1.4080298132412414
-1.2846436029586665
2.811525935840569
-1.1973376259405482
-1.0513524146100923
2.403547370235878
1.0653084701267665
-0.8435283450870327
2.053348617827007
-0.6388498952760838
1.3401267692090746
3.4872112488747713
-1.0253903161629554
0.1574573309747195
1.5557463330256982
2.168947922596669
-0.9045366288431899
-0.3552526282089046
0.2628081709929763
-0.4992207950996739
0.9182805286575614
-0.2902428866080558
0.614055866615674
-0.1210388690380093
-0.5695328350768613
0.0863600161669571
1.0463007391771202
-0.009159448924758824
1.4006088784585793
-0.5524643791777296
1.5872852879810495
1.3665994238280086
-0.9066800885231725
0.05810368850730161
0.9910358380676133
1.4226569088645344
-0.7969418507818031
-0.5609199234132038
0.6269311790935931
-0.5536690160021375
0.26315865760458196
-0.16701966437989169
0.7736932480684056
-0.09240592333976054
-1.065313583744398
0.15075510097615108
0.8723490632722186
-1.0340977387003767
0.4728926587142049
-0.2837285221586226
1.1092108620977548
0.9563008665571361
0.5238680157472605
0.3483490554607975
0.027707694670169664
0.6198118339713851
0.6228008050214334
-0.6710248753190098
0.06660669971371735
0.14356825563101272
-0.35888067804006907
0.2514060699860872
-1.4222561217801188
0.025298955874089004
0.3219185791555269
-1.3772462979616813
-0.4608454769214695
0.22624331367273603
-0.6402919397426731
0.5668221447618027
0.4641798653550346
-2.209650922789178
0.1329992287269536
-0.4679843061602243
-1.6373828580959253
-0.9318931299348906
0.5489358115455528
-0.14136236650892003
-0.4099681004244695
0.7994217577228326
-0.6435546548407012
0.11932356620771792
-0.4135969733194808
0.4368168520805729
0.06276545402408962
-0.8391623403863253
-0.8985585467993669
-0.11930482252917259
-0.5280375144960285
-0.2801964758083844
-0.2760990842535089
-1.8742770258638708
0.9336703701674289
-0.2094955858802795
-1.1176785803663047
-1.543473517796646
0.7297415600240313
0.19974817151757474
-0.5315555032462798
1.5595364841123582
-1.3875123897152213
0.7821905060206825
-3.3876717610410645
1.0505323303836858
1.8799823392050583
-2.4601219695881844
-1.029619908986714
1.1984142062686207
-2.376244435541802
0.054128029219429656
-1.1789456005778913
-3.14219753288329
0.3091322277946177
0.48326218160970225
0.26237640626051556
-0.5132495112217884
-0.06555949327334931
-0.27415855012528423
-0.49317726758373426
0.35626032624271886
0.02957713279725898
0.15703728622189594
-0.1982237355293154
0.12150124708404804
0.4414517712749347
0.07422473024565662
-0.28834692850742594
0.035022040495141106
0.3404038127439973
0.42924145189707213
-0.042161373016175084
-0.030234799412432956
0.4189793479235373
0.443849586526675
0.4496795129368401
0.38372332883121957
0.37512704356778176
-0.1812840536887136
0.027728247601922107
0.12075101284578582
0.350516807798003
0.29540104716522847
0.21007094903826223
0.2492479475750362
-0.061852021522898704
-0.2399604600560752
0.4291689690398271
-0.22649869477149925
0.08455206332934573
0.25877212175933034
0.4970091809214396
0.30640271017470355
-0.3678784795214179
-0.19067187819485054
0.2950606215410697
-0.4077845652079487
0.019903964342506908
0.4533378103184286
-0.1780087667503148
0.20587451182598615
0.28355214929028066
0.1708012573553251
0.3836364773588799
0.05796729380633758
-0.47035947629669905
0.11266481885990692
0.3896671417088821
0.47169667767006096
-0.11463703694367133
-0.2943154259406501
0.4401034034689727
0.012459977668053623
