0.45024445350421555
-0.22199659917693487
0.20911199570619265
-0.016334175467620005
-0.444386898631332
-0.3621502704140166
0.2528817608310168
-0.013345225161930707
-0.45619654112408486
0.2612886138698443
0.16525259177872736
-0.39086895674737926
-0.3246428226909671
-0.3108338633107514
0.19268148701018328
-0.44527705027938785
-0.4806928296341145
0.3023696729231017
-0.02353680377669415
-0.1507306078788786
-0.436277300280156
-0.309185008074811
0.2785365279191325
-0.4708041118661226
-0.1949388316187461
-0.3188997353850844
0.2920657082446342
0.08648058406459681
0.3039756325148585
-0.015526491584245173
0.4802127687565107
-0.4003156572444906
-0.4806821797473373
-0.38596955827567836
0.017300340838885122
0.2405773787151293
-0.23849772241464434
0.2802690573883566
0.3153682947610579
-0.22869440626143997
0.21714241199701742
0.44692564335425106
0.2483918469582844
0.0986702899037013
0.33294264590545364
-0.3472393885420188
-0.3394856187123381
0.5819501563228636
0.28587519525534144
0.24230053203567728
-0.17110508148178166
0.0781211488518882
-0.44659698679923904
0.10301685256280034
0.10615544201537183
-0.2899792209821807
-0.18865782646324655
0.14236708793900232
-0.24016781510423715
0.47898978278433557
1.1361208677834043
-0.29389858810812136
-0.5922547233189328
-0.360649791775158
1.152349540160328
2.2665293847815824
2.119058174140855
0.7083631114450579
-0.8049213048398913
-1.3793065209834425
-0.524845451295998
1.5606524085481048
-0.7745072147020825
2.099611816842943
0.034202325950497964
1.6396667354709402
-0.7312325669600239
1.0573192070921764
0.9737012510443989
1.3017955365484335
-0.930040526164618
-0.199725131360988
0.058593351983223095
0.13796886306208447
1.2148683377521479
0.3285081049547933
-0.022945445375339563
1.2468036556214852
0.11124381749383035
-0.27548093133850776
0.35249845856419265
-0.232854502273837
-0.09088665998192776
0.585280420226367
0.19741927921966193
-0.22821242165984412
0.30525217169218577
0.2199942530055153
1.0903044905721724
1.227397692140554
-2.456918930690082
-0.08440487509484332
0.2509917551422786
1.5202483532124222
0.9984651066339068
-0.2885375409405097
-0.18388244037612558
0.3883509819546696
1.4673913114178767
1.4311908574269345
0.2007857070544362
-1.1271877698917587
0.2020810300882248
0.8794060292918889
-0.47664058058832226
-0.9146013424965835
0.05053596369114646
-0.45506349869816914
1.038040279585791
1.8242789062818106
-2.043309211340122
-0.4008042322394978
-0.15842393076259437
0.5681999921323393
0.8710642725871974
-1.1601863136453519
-0.6333424903443109
0.7977654268660784
1.1841705048894253
0.7764623038380245
0.7508823056772647
-1.3727358066714959
0.32536002593715074
0.4695789351634252
0.31584731919618486
-1.2749846714424486
0.2618150502615294
-0.11910100190764784
1.0014579230618124
1.0520683317072042
0.3020902001117243
-0.4336708026226521
0.32445837456947807
0.3275562972191024
0.6006153889411052
0.535713857821558
0.27014611251544624
1.2231562923005048
-0.13437441264057157
-0.4676953262796909
0.02529684006794046
0.20766991950126207
-0.24073938858814137
1.0162612865108511
0.2565270314726487
-0.19246763340411924
0.3719124439979666
5.480817034304742E-4
0.4560931277708892
1.3755100995727276
0.8803218135665117
0.4041271513935261
0.36512857082784705
-0.4274887470771662
0.22328010259518816
0.8554730388813971
1.0390711580372742
0.7840694289286503
-0.9288474520701631
-0.8311530443001303
-0.4041985340061919
0.6850948605528127
-0.5641829218410033
0.2252542639666207
0.10693186404906149
0.30623671105999184
-0.510266543009441
0.8006700641040666
0.10928007228103911
0.46747812179292914
2.249199262756869
-0.3936158819608123
-0.7641523843819692
-1.0519469372060721
0.4632104630535039
2.12521851543705
2.1703157980178984
0.9261328599865265
-1.4549382483373785
-1.7147167009345465
-1.1433614690810936
2.359711686577287
-0.2015542481899374
1.2825860125279513
0.04555101670925992
2.3545737599569585
0.12708203608922372
1.396659279438414
0.4397166545507754
1.1652987277386373
1.4518986715758164
0.07644514787277897
-0.11324449349749063
-1.4706043370432498
-0.030861116323558313
1.6852281920453642
1.651473385651405
0.05933323915325351
-1.0586313828970797
-1.7258571350898457
-0.96245346193314
1.895954479463673
-0.6394988945166027
1.545452989964167
-0.20959146169490228
1.2427492825983368
-0.29407854336558964
0.5920167248508601
0.6603451799837846
0.938951952201368
0.532848197395641
-0.016022272013967984
0.3111252362859256
-0.3787097674960382
0.3644403965326454
0.5602374303412305
0.1707756000303225
0.3983109109310265
0.2750884050714188
-0.3812518380414564
-0.0652110274065666
0.180804202222631
-0.2920867603137866
0.8732905740130783
0.2756188689248719
0.3486468525242671
-0.016547517829964317
-0.14083138902672465
0.6619252511647495
0.27592611736919975
-0.6037848393423744
0.3647489602154628
0.4753595243665744
0.4044403391763381
-0.1727623646858967
-0.5651521204925593
-0.38527478117367336
-0.07384195813207686
0.4806976741799926
-0.004726206711112242
-0.06790764515596978
-0.5065193132645605
0.30613130140031747
-0.37229746272764747
0.22261990570415943
-0.3013434475450171
0.11411138684749605
-0.45952119552527615
0.11811896222793833
0.4357136386554296
-1.222650717770762
0.28599117335375057
-0.23759571625664058
1.0976877522336823
0.14374676740588085
-0.7088227450464996
-0.6427792862307263
-0.006267104500681675
0.8752354494249494
1.1880802392421894
0.6157403861824746
-1.3354798208861192
0.5500924313482526
0.09625969744518252
0.10265964748085046
-0.7423058119593922
0.34598039684970905
-0.33854092450100837
-0.31440990064847363
0.040318235194898425
-1.6472725769462013
-0.4689063231601794
0.24410488317090004
0.6499564506488802
0.6660992535639468
-1.1649159378670504
-0.34163770287105855
0.8200808626706764
0.8329675725778803
0.7755835096983781
0.5147139836134824
-1.381447185627626
0.6114296910183619
-0.051065558067006495
-0.4116151172914904
-0.45427753578528696
-0.28929976065759166
-0.6722727832942227
-0.03021069440834654
0.9611159984032558
-0.27763528568254003
-0.326437735154507
-0.43082503790119203
0.26394167209758024
0.0667703134720462
-0.4052118512561782
-0.47573091687846303
0.7089920906461906
0.0036459305622925766
0.43149818091088216
0.13813330349994923
0.03428927400174759
0.08649260858172048
-0.3523998400336955
-0.490600471313096
-0.560554295495783
0.11769237037735404
-0.478288138400049
0.5217127377644023
0.6593382731423215
-0.9164272270639576
-0.1594156017516069
-0.051853554883355885
0.7370046308138289
-0.014851006252608384
-0.22668352441595133
-0.4570642463693095
-0.20372294432636087
0.23853333038285152
0.15857918265726828
0.0351358267206915
-0.29150473928838627
0.18739382473570743
-0.6493392161044935
-0.025074049814321295
0.032803042922429096
0.38731923668529433
0.2611889582198953
0.10434709660669096
-0.8454330428945663
0.436880272591399
-0.33940519217833176
0.24334195068840792
-0.0375042206150485
0.07893366425460008
0.2552488520891514
0.5612594671318347
-0.3958397510533342
-0.5607088976064789
-0.3863349464332607
-0.6748739994305277
0.5838269952076124
0.029531243659140893
-0.09163079876819658
0.09339042110496956
0.24256320282386382
0.3157996589127195
0.2722227137268069
-0.21019000853814596
-0.06598197640821934
0.334500981966103
0.2675782449501423
-0.21230990317022155
0.08336523703460381
-0.38843969213368645
0.3099378488388321
-0.3142068814660375
-0.3487082306249721
0.1267629334129518
0.16418667394037817
0.19185527172512204
-0.03736209184731459
-0.20950088260537883
0.024601688878389736
0.3099391690389343
-0.11302600014392228
0.2686037451485884
0.07515228537673758
0.030048141069014853
0.02415988963818417
0.383892814656452
-0.09912794078228616
0.4587728250295127
-0.34900424704021105
-0.4232841931042602
-0.008859706309815267
-0.2274860508017283
-0.8554391177733424
-0.723402790830101
-0.6909555902671486
0.11642917931997697
0.17009337561398716
0.03545174985730617
0.185019703303292
0.09943430923241475
0.2185908806765773
-0.5222050032262766
0.3266780765015675
-0.08598160698761992
-0.5649233391220486
1.6570177165685214
-0.22754268104156555
-0.33761643311992207
-1.1113702556923473
0.005914845570948629
0.5801330664264123
1.0883967153175762
-0.045637034779075165
-0.5933471879138595
-1.333218807506631
-1.0120342159770392
1.5183433630971814
-0.6493239169251515
0.7930835909285573
0.2508412190123686
0.5076070913313544
0.16113469109238196
0.6745629035213364
-0.3110920402342471
-0.5016712289536089
1.1912358056189045
-0.054522300152751876
0.26247858269781743
-0.8289818683138791
-0.6122020311147062
0.9139106669806342
0.813115555920363
-0.6547784481565044
-0.523901396541935
-0.5384310384554362
-0.13324856790154482
0.9085404416087515
-0.46175480440307287
-0.6319361376861405
-0.03629001577976839
0.4586534082810628
0.2938468865409538
0.37650540570469454
-0.45816959677146174
0.17341266560747381
-0.17926600540304832
0.18766525007554505
0.16949086406646707
0.05791650299319016
-0.2827902710912191
-0.010172267994676437
-0.6352249111592464
-0.2090035821595102
-0.4289196485139251
0.36310970345887594
-0.259658959465317
-0.5701706636360048
0.13427216628496366
-0.25423062689082315
-0.24278675227466
-0.2248076696593894
0.13272155064439597
-0.06306686504906021
-0.19921883609697263
-0.40623274499675593
-0.07838735773294553
-0.11367797545640485
-0.008214909891684637
-0.30705846625584554
-0.3113881999379504
-0.08118238367835472
-0.10075594966866379
-0.08238322584928316
-0.11040018517717942
0.06005745049533324
0.1515039482616165
0.21302082152045587
0.3590262770374979
-0.395028009767712
0.3217580072808407
0.07158339832731568
-0.40921885202074143
-0.25533706092108716
-0.4346889429590728
-0.871860446722691
0.19490794383236126
0.3672860336016358
-0.1031707013165904
0.368281816613313
-0.6697420985148833
-0.1867123402364921
0.281002585846147
-0.4723448859825858
-0.5345147365987616
-0.5022856312160908
-0.3255501929573481
0.13220218783885807
0.10841684509213644
-0.3984915507092403
-0.48305315595290477
-0.1320232593310042
0.0315654657811873
-0.17582979193128925
-0.6012361146538361
-0.7691775791208458
0.5856379913954551
0.03505426848842302
0.09734222483355544
-0.11563797818053315
-0.5120979735253646
0.2239891313380347
-0.39264800845849973
0.032562569292643374
0.0670975806175116
-0.35277167216705657
-0.054190688660815126
0.5921549260186177
0.019694059622828986
0.009947988893105122
-0.11774747330661872
0.59963087409904
-0.4330320790982993
0.23097457473899463
-0.009255983438200907
-0.45503701046738004
0.05439951832392899
-0.059098862504064084
0.17697228819346966
-0.6120513209874667
0.44643717082143536
0.05715675296173904
0.05872300516194825
-0.13011025767001322
0.06703092163336123
0.09794205682363687
-0.06839565724030677
0.19727999148860556
-0.3357087423366732
0.47403645148278345
-0.043401156998826546
0.41369244358250346
-0.1666520847098996
0.5242354806021208
-0.34564847943911964
0.1859523350675163
0.050355520233576145
0.01968165149025736
0.09171052361267003
-0.19042544481706958
-0.49674947118874857
0.10740126676514794
0.1597424375051864
-0.11195271067357163
0.0926076831385049
0.47881711953599093
0.4350831740164072
-0.6591648179049912
-0.20889092048845861
0.03436668601755006
-0.4731222242522828
0.09177735076361374
-0.3147848673474507
-0.3358338612017104
-0.4438225040879389
-0.8864038167575045
-0.5891609491214033
0.04557948361587153
0.28797727712367877
0.05615847792907109
-0.6664917111177046
-0.1849374063107259
-0.4188357083415861
0.07759238492613653
-0.0031570016268604507
0.41249159663012297
0.1250790574285643
-0.7220078889784597
0.008044884841987777
-0.712254372940974
-0.22930895119526984
0.0036985880277333964
0.07454507256268172
0.1500224742310052
-0.4227232249902414
0.44175456631581733
-0.38087284814546024
-0.0602056658787541
0.30430487160323993
-0.4913399580986609
-0.40296400621781386
0.2955282325146173
0.09202326854786133
-0.06876371684347526
-0.02808825839091709
0.18738519980714363
-0.5886096505279053
-0.20241640906968206
0.2786497216732176
-0.420767711506742
-0.38468000788572915
-0.4621050879857126
0.4119094864084766
-0.024053038484329506
0.29830471716015594
0.04889681626657312
0.7625849565418154
-0.3069337599496797
-0.3422083588386076
-0.47216197507758895
0.004876392832473799
-0.19260779360847116
-0.26593008318403955
-0.09730879672595939
-0.1957474810164842
-0.32803135332247624
-0.40905012458709883
0.06250712188861789
0.0616458546473606
0.021559274800630024
-0.5309963885082841
0.5114193914588443
0.5176716159998601
-0.5707588924990001
-0.6854858443511159
-0.6550833804089499
0.8538663938738122
0.266253314773672
0.44656084703262566
-0.0733507700769207
-0.3922659214320037
0.01688776666751604
0.7744951040548353
-0.30722735743779617
-0.87835673598963
-0.5715734396231364
-0.13747400087126851
0.462911845062542
-0.2937128699026718
0.6251436938600934
0.17390487511516745
0.36639140915074087
0.36384114631824815
0.005130940088120844
-0.5044796581303408
-0.24765143591559108
0.8920067882578642
-0.04788051283667523
-0.6821538187071826
-0.6531411947219449
0.6341553981059994
1.0088354622599645
1.0307925431895488
0.605561778868975
-0.7685362241760291
-0.7813290421487877
-0.5576499272838569
1.4541188948723258
-0.09645367690386888
0.9175359915165677
-0.40520992983288906
0.6049196959350361
-0.012182921889395204
0.18495275540839767
0.2847160703628181
0.4756764813642481
0.05090026198673043
0.21019435132852227
0.4679071720214067
-0.0015581554641390834
-0.5913454271165209
-0.1393089123770107
-0.2656085478814835
-0.6088714969063442
-0.31105801586172527
-0.7147096701422342
-0.4240537234639245
0.30835495068317736
-0.11596642073923401
-0.5216185468787048
-0.06567008572302976
0.6921250153841373
0.06281985589353023
-0.021243728224110678
-0.07450559326918053
-1.1071900261286167
1.5994503461834575
0.2067370755022879
0.4390487176091411
-0.5359606896731071
-0.3432509786600596
0.0863487332816148
0.08325924219452481
-0.6730592840177758
-0.41089550063303004
-1.2809667235112399
-0.3389550264967923
0.35110573001735335
0.11877732598453397
0.15419447923741034
0.34336407401097047
0.8385310379572424
-0.5580918836687985
0.36747847853832805
-0.1520721450377139
-0.049785445351669275
1.053119093206295
-0.06361029322262457
0.30670673174314034
-0.3257079439969998
-0.8949916291449985
-0.0035649416960074963
0.11941903552640802
-0.26064326217100986
-0.6376065156022316
-0.67930710206443
0.08438377095217951
-0.2648890614579684
-0.6228576623057321
0.08261418273902782
-0.5380359717201864
0.004902794513640938
0.40628299594430983
-0.037029739080206285
-0.7504073502664766
-1.2496809560758821
1.2697240823877443
-0.07520992849451513
-0.1440276204871284
-0.622729097334133
-1.0748748324882242
0.1329175850386153
0.621149237076098
-0.9202807384990567
-0.3621941326149521
-0.964832832796835
-0.6398342064261657
0.4208791351572383
-0.5931760800537677
0.11891852166302767
0.4066499598183357
0.3545209293949281
-0.47720912325442877
-0.5020249755907554
-0.932506738892828
-1.115965314967307
0.21746482824879412
-0.02444019630829692
0.3381770941544665
-0.30870475092934024
-0.4126607027000616
0.41700980414052036
-0.07748847355982705
-0.7326761558961488
-0.8073692106261129
-0.768060357803172
-0.4212723958739767
0.5201381145086937
-0.15893902681918304
-0.3616084949376749
-0.49792998326136356
0.32129180111596445
0.028840025429978978
-0.05945499320897667
-0.011530408323137054
-1.2175319502934736
1.6017835320718652
0.5227514789255193
0.37144496698089263
-0.9539477001131741
-0.566302381057948
0.5168332700817807
0.2783630322644612
-0.14832908911946877
-1.176199469836049
-0.7402030073177407
-0.5695540475419373
0.9611268067851549
0.14605504063375088
0.5773088835645361
0.26599715710627625
0.5185985978889184
-0.5727734087937195
0.03447462558442894
-0.5939794706636322
-0.80709965010325
2.0228952900861428
0.4568110649009992
-0.16030152418348445
-1.055396945848542
0.20436212076546403
0.7201888335639803
1.3039460222786743
-0.09105510681532301
-0.8053462987012326
-1.0697943411482231
-0.7118537073171506
1.719051901275028
-0.39017637296530283
0.6966265118292221
-0.3337264700436344
1.017173438219278
-0.3505923430441374
0.3428031037284993
0.5227724002710683
-0.07999423566899076
0.7646596887556264
-0.021842235702001018
-0.06293625867523508
-0.7888754055706593
-1.0700592847118955
-0.0366809195275587
0.1879755731034894
-0.5827675301577607
-0.893408884461681
-0.4944945400381324
-0.3088154352088275
0.4812452987528248
0.010423908776070955
-0.35696624748503575
-0.07998655718195558
0.2576591033146743
0.3951835092534518
-0.1643678443571487
-0.7324251646091882
-1.2327059372292832
-0.22703068928249526
0.6421393028505227
0.43703553906218495
0.10451343803051637
-1.21815473024665
-1.0705467387792478
-0.18249304093152488
-0.5292031027391245
0.06169012617005976
0.11750439013675891
0.690546746890756
-0.26670922216687065
0.4629913880230664
-1.2365175817194973
0.3538278099560367
-0.7697434622160213
-0.10520513433616147
-0.5048512519757631
-1.1661853619943994
-1.3577819683795105
0.6230601407764207
-0.11979503312144518
-0.047179236198566926
0.16844061211765504
-0.6887623269097101
-0.40841044469463733
-0.681142421316324
-1.0949616801612094
0.020529167267683907
-0.1138882856780064
0.2474786335745096
0.34862097367211903
0.21817996187824182
-1.0226722735870952
0.334789592373518
-0.157499192107065
-0.07310490832052317
-0.053688688281130256
-0.5672596536933688
-1.6119684450701168
-0.3623149926112393
0.5742800752836126
-0.04402073983860116
-0.3489798667860337
-0.524767144125929
-0.8727433041067326
-0.605157785566661
-1.0742125167474716
-0.426279464458896
0.7471761713541395
0.5684865581099131
-0.7657015641149757
0.14010407504186168
-0.804425347934251
-0.12273712384246303
-0.33075360548469857
0.5577007385129561
-0.7946073649349439
-0.6189752223817461
-1.658107334564353
0.7439758538268483
0.049093060759865755
0.5847971613593652
-0.3038720920305415
-0.9736926553258984
0.02319685286598553
0.41493624655487304
-0.4285030680268786
-0.1588954139288873
-0.6599909193360927
-0.027137151427031398
0.2266015086221611
-0.5702648702407245
-0.25173858029780016
0.29415778337681353
0.4625629277676654
-0.13087054613509969
-0.31792251316922204
-0.9059607020695649
-0.373277868833067
0.1449283269619596
0.008358728402699066
-0.23195182309878218
0.09556163839737307
-0.48008734003615067
-0.808219140646975
-0.7373675707437874
-0.7156285283331184
0.29854230607611804
0.48728627753875486
0.04907410865866482
-0.2653652132648448
-0.40422821599467307
-1.10064321310652
-0.10061217310320643
0.027427145682873518
-0.2960450057830882
-0.7081711480905508
-0.5464003931139141
-0.921131679430044
-0.6148775438405948
0.48827259636389964
0.46904035577509595
-0.1735576262132257
0.0886683932371502
-0.4884551377415738
-0.9017569354985784
-0.3626610338749356
0.6770147467992463
0.1158743371039489
0.15894394306736737
-0.0374127398354255
0.41043729600057227
-0.8822759215837409
-5.171424826339474E-4
-0.8391711645228233
-0.050487179418834724
-0.6970156127832716
-0.6177501510035751
-0.2370808587317208
0.3158289385379542
0.30751759342247764
0.4644106913583808
0.04160941376175876
-0.552823358847342
0.02491320533052644
-0.21263812342068247
-0.07857612526597216
0.14105691370986684
-0.24631126229646794
0.24856808112110393
0.007450157968193219
0.18843544052300626
-0.7211596167422722
-0.4341646542374511
0.06965886623899034
0.15932156337177122
-0.49568076655805526
0.14983369701889382
-0.35842886053783723
0.4939473315592486
-0.26279443200387476
-0.19206260051855406
-0.12687242524607664
-0.46887281247756324
0.06221479398806196
0.21100437291680602
-0.07902374824833593
0.08399838282377325
0.17327415281597425
0.35930811870021817
0.4272779121162194
-0.4662392911060562
-0.019445707778078237
0.142023383854316
-0.04325533598151279
-0.3149539415613389
-0.1171354548495971
-0.5156829616572337
0.07942753062157315
-1.21352410806433
0.4480068236846553
0.33694855119402045
0.2643856190742627
-0.5029568138305287
-0.8029592526279953
-1.0665227196269254
-1.3541018401012894
0.7432234511336848
1.055437347117867
0.5847730371950899
-1.3359989611863998
0.0995690123917617
-1.4598968667954402
0.0343265269758516
-0.6443976273498064
-0.18095933013666524
-0.3756071444300985
-1.0769341619916593
-0.7146030879844434
-1.2927600272520576
0.0635407917213061
0.06848878816069491
0.767385002935007
-0.034586284732663695
-1.3254924259853793
-0.631288768745177
-0.8677383112823287
0.457213241537214
0.8267783175764849
0.4736579419043509
-0.520569588161198
0.4105534837490074
-1.3102894377199106
-0.5828803751671039
-0.9372585137563741
0.19003645043337408
-0.7733071924171241
-0.4956069356593271
-0.19047777530564367
-0.03167304341772994
0.307992531524687
-0.08297888440158747
-0.05976734589516009
0.20254009706813184
0.2099947467853082
-0.18796508075766571
0.3716775036276967
0.3525320982162193
-0.3151544303453449
-0.5723147698070292
-0.10436321482047203
0.16638743918816143
-0.6599882587631684
-0.5457886749436517
0.011521235730114439
-0.37758302534229615
-0.09807316694873006
-0.449892319150093
0.0635013779008166
0.9531369745853476
0.16540580458397935
0.1082882110214754
-0.46630413762341605
0.23649673084471665
0.11763907163482312
0.8411016163258265
0.6166105437472834
-0.6422308568854462
-0.056571739516050865
-0.5743824295551294
0.3386655109667922
-0.3555111983351337
0.5197824538720063
-0.3405317194459276
0.6913023841780709
0.25080106050315093
0.07658558870052756
0.44410979543214063
1.0288385330553877
0.2131005218874099
0.1652961201323714
-0.4857445957422471
-0.4196082735973584
0.6904492507821751
0.4837156692927402
0.1328012594531145
-0.24217096216463468
0.38653128229613315
-0.36596516765843995
-0.2629289705964856
-0.025900542221727114
-0.13904283519632882
0.43426799983385744
-0.4710295611627538
-0.3095363769627385
-0.3131953776283334
-0.04760017841517546
0.2720015382028363
0.6795168762495182
0.41480147916883114
-0.24765534349356685
-0.19834116066576174
-0.13910847547261565
0.5775143707203366
0.5495073602882804
0.8317619240637446
0.4751807179410977
-0.8544830229816277
-0.7755486993509226
-0.5098350420841595
0.739160014634307
-0.2681805675539597
0.948380248086864
0.14192481978627589
0.7184706194820312
0.34398072246228606
0.3974911107640446
0.8574922112014388
0.8976053475306228
0.7457617962317082
0.21839375410722525
0.3931757005329713
0.29673945886627096
-0.09629487109052641
0.043504690171310985
0.6017726590707168
0.25708767788922976
-0.45193122794057544
-0.29387186530388004
0.0590672396748465
0.57292473550549
0.17547935336913073
-0.22304100714856495
-0.21055215796678084
0.2505788197522485
0.15340153017164204
-0.1879542796874086
0.011461818897805428
-0.27634110967535075
-0.37881741667685465
-0.12821656537980097
0.3670315488997078
0.5257511312366095
-0.12736637252648575
-0.15757409638172218
-0.5499869390966844
-0.3810469685043573
0.4777206073462319
0.8292373334728086
0.29316105641847345
-0.27273721874004253
0.33892331322073155
-0.4793735396398019
-0.039348682573011155
-0.28688786376115055
-0.2710623208703296
-0.15748131461035064
-0.40066003891591034
0.08089477724820114
-0.9902668330245372
-0.1979132766260025
0.28814280134126113
0.7249144859608576
-0.04346306270267443
0.0665551321638017
0.17758023017870392
0.14586727396555235
0.33169545377629156
-0.07816362542729187
-0.23388784204719026
-0.5425954778564612
-0.04570227592181367
-0.25314166486302336
-0.08530611511125928
-0.2079123548020762
-0.06224803455259553
-0.23512312352383974
-0.00787487591361405
0.20877482209291273
-1.213329602895509
-0.1813614304524076
0.06523902330018973
0.9189449237037791
-0.519804395026107
-0.3424667689784326
-0.3178942931554049
0.24263907137150564
0.7562823886961186
0.6867064440451666
-0.13821228316976203
-1.060382469235634
-0.2647683890063341
-0.7484929717573253
-0.06850973333343513
-0.8877081186362548
-0.04187166352660646
-0.07911996675012652
0.032185412078169565
-0.3554673636999207
-0.12297909809379429
0.3490882919933921
0.09754061704605319
0.3449762575915894
0.0808524741930939
-0.28707085138834487
0.3124197929964612
0.5944965946879156
0.011690342689890285
-0.22449173745296824
-0.33318870680238843
-0.12009647975958297
-0.2527423120053572
0.47017021831498224
-0.23562422911968195
0.5338191363265891
-0.4940729632607026
-0.19082267972878564
0.5895338255449778
0.7357966158628327
-0.5512334300571721
0.4636561837961174
-0.2359042903288013
0.5908003888000833
0.22665536616926235
-0.34441381986598774
-0.2642921201830933
0.7862480930274099
0.20163358266873788
-0.13178979209863695
0.26009201376415453
0.20949123548326481
-0.5859527080685627
0.8345867312204516
-0.24539688422493372
0.13270182816970316
0.3535722010307293
0.4114803347826633
0.618778797177658
0.7535156366955823
-2.5140157686732625
0.5920335855431885
-0.03125174854846077
0.6763309612534054
0.2560192574600752
-1.757554784913682
-0.9689038847621341
-0.7183978967192971
0.9147162169778499
1.8497040138737468
0.8900690995675802
-1.1464602321421118
0.14088238288152719
-1.4504296869760918
-0.09246397654613565
-1.0652870436940154
0.5825745070536974
-1.0825417645688313
0.07790033023635913
-0.5215207773917356
-1.6593339103003468
-0.2751477287491908
0.40764149527541993
0.38195624506370274
-0.2159943847677729
-1.4234501944760038
-0.9255656205411927
-0.37911095831634156
0.5010066305014803
1.4227963633760852
0.48693465806041647
-1.370902857687082
0.1935748241821583
-0.9500445649096735
-0.40894020526511404
-1.3102360298350164
0.391588267418146
-0.8147815098263734
-0.5474222136355433
-0.19028211137328202
-1.8749894901476654
-0.30100454266347654
-0.060440914865992186
0.6627714097346676
-0.19118263854718448
-0.570126694593202
-0.8811062613464988
-0.5415032893782398
0.7039475096031601
0.9650181193678854
0.3445462080057927
-1.3757274265165789
0.5134860342484598
-0.3641840244027161
-0.21231277853308492
-0.5868646803437255
-0.0619360993137524
-0.9041366817654701
0.34521287013691615
0.3603002820738013
-1.7213085301378994
0.3116522506016129
0.20450228322975528
1.0572366259509978
-0.30414067794416805
-0.6515017549802213
-0.4501904180325886
-0.1134117871518425
0.7069123847106616
1.2238750106101919
0.3598767752249173
-0.8305467074636407
0.30119469066991433
-0.2075412238834628
-0.07329298065341515
-0.7081969261937507
0.4154639395986553
-0.4595154070906303
0.23096494529851816
-0.1129202135782914
-1.7126420880843598
0.5643836493878498
0.23747778900804437
0.3239855488293973
0.19168056426280078
-0.5122169939845934
-0.24819379377114745
0.16002285589612864
1.2110146690657306
0.9370314633813129
0.740611253190965
-1.392098680569268
0.3029019193707639
-1.00911332225538
-0.10780537081197433
-1.0649592130704792
0.2678655064978946
-0.37374151962910623
0.5421269183099311
0.4340925729332343
-1.5792191450096533
-0.2096358140256897
0.14267103782683307
0.6157823351192828
-0.16286260714912565
-1.3008159540628448
-0.308128615327142
-0.6653112550481759
0.968315181002701
1.0645958995444442
0.27611772089360753
-0.9026452548646621
0.33512250059458004
-0.3654789854865785
0.05588421199857979
-1.2703419791044916
0.17359644712957434
-0.3352905198605722
-0.23558823155285985
-0.14107217192973565
-0.3865680253927185
0.25309764259505463
0.40876739014597757
0.11677552679239173
0.5435171705244672
0.04344134055611169
0.4260142437898071
0.1949296530127892
-0.010209338915589904
-0.4586901643927657
0.005854908651012507
-0.36373094945221307
-0.3719592781743893
0.41327057607705425
-0.3805196920141318
-0.17398175491925708
-0.16146605722426371
-0.35872083001127963
-0.21234062347396246
0.23095595132182492
-0.677476845409697
-0.25505479820296295
0.3901901246440109
0.37140192709082526
0.5708930115411722
-0.13837825883415944
0.04414741004144392
0.05425811801180657
0.6650759776857356
-0.06600849806118608
0.03089844012554732
-0.42292024521883326
-0.203208400972184
0.14656675739870426
0.37407436676927247
-0.714039950404833
-0.15149080876852042
-0.20304730661229428
0.22705190402944755
-0.07368284650604846
-0.3951343996513018
0.5528422653714453
-0.43557196294607814
-0.07974982349930836
-0.30984704688284354
-0.21952514480033886
-0.5005134517802713
-0.14553414325934375
0.10894366244140484
0.6130780093823961
-0.2718021733876154
-0.26961345823778377
0.03337887583371673
-0.4826724114455323
0.19600482355483673
-0.5498532904646617
0.1875894878310171
-0.3519770920664342
0.38009694084699486
0.645782136335362
-1.8106628554992537
-0.27364128137043425
0.0021075239732044502
0.8333979509920677
-0.24850262288081673
-0.7491851730937675
-0.8132307987553647
-0.2645194210633884
0.8329832207007765
0.4502131390399046
0.2993740553550055
-0.8062085871087351
-0.32447315658883014
-0.4140119331115702
0.1799913689478045
-0.30485520771095503
0.27139480249450204
-0.5941966468076104
-0.25106448649947355
-0.3894191954761716
0.5073693086613733
-0.20329878058039483
-0.14742260322997144
-0.17482323729699775
0.3733020750902538
0.4287611105313123
-0.12599859868911337
0.27149816239450303
-0.5549352753297488
-0.061250848908072315
0.018247862457931904
0.4891713881610341
0.2170980219761895
0.0862613011591617
-0.44069522942596984
-0.1768294345025697
0.019504288372848812
0.474257471256311
-0.3175214753708168
-0.2026419578238474
-0.1780678265280782
-0.0805740938468428
-0.18836664131696718
-0.3023907990025095
-0.102878959743716
0.3377412442077066
-0.05741936284274222
-0.4523520385310943
0.23723294028461517
0.3677819913310719
0.2880051707996887
-0.3381977096100309
0.22829584123111993
-0.22445685931769818
-0.35829833896401836
0.6056056658321639
0.14447344257909664
-0.42055194324411926
-0.3268631567062144
-0.01886589747768535
0.5204654274356295
-0.07194812389185787
-0.550040227260695
-0.9215891446830753
-0.1613912578222578
0.39998526127369305
0.21256773583165792
-0.17330522412957827
-0.839761881929938
-0.8980606240655957
-0.48481838286933426
1.073937871452682
-0.2540251310128975
0.528652567938418
-0.1450819018843279
0.4444401748337287
-0.13849631602544918
0.4508471783556629
-0.17543412070031877
0.012238448553560245
0.20096548885759183
-0.4448315119884721
-0.3867375179240175
-0.5811818872253124
-0.04013872741949247
0.6545043137565746
0.3743932146816742
0.2148703393871716
-0.2555980008881173
-0.23862902084338325
0.21812425806394065
0.7518718007717634
-0.020776352242146932
0.1861050723543591
0.186667046655306
0.9466244707814901
-0.12157578053925575
0.5629690586993122
0.06115019818074532
-0.012958868203934383
-0.01902411201979419
0.45701757317311337
-0.2952575713256757
0.2224191552467547
0.09399211528531703
0.24940021300421147
0.404053876200836
-0.038094354591338156
-0.659066563529536
-0.11916688817887396
-0.6580774386903072
-0.061624790360989785
-0.28280296003165983
0.848724217865109
0.13078427781662796
0.2750242423874816
0.39807996170364995
0.49919267371165893
-0.027694006784116158
0.1484709132786055
0.1056204024793847
0.3830377630057606
-0.21684073849811095
-0.39176894939954476
0.3103202292645242
-0.2510134937587208
0.41345553588528966
-0.0045451829867559305
0.07278835887327886
-0.6246725286493308
-0.032238397333339525
-0.12840190538264318
-0.03209773022186665
0.7886205012908711
0.42086158471567026
0.08826873158852584
0.07947196764023619
0.17926164913251247
-0.44826260734472073
-1.06425566063994
-0.08775860031752848
-0.28205346582363905
0.5205495755807785
0.45473121704554653
-0.41793655553288045
-0.38860958167291665
-0.17557610887015768
-1.1363072231169233
0.11760331124339964
-0.3289310225910794
-0.21164646318312919
-0.5568202405305082
0.2695177794794236
-0.4474669847111052
-0.5515014142468159
0.1421658171633818
-0.07194817572720626
-0.46942352768447826
-0.3717894060588711
-1.666098306672015
0.5280056449620193
-0.06487776555234732
0.5682831345947272
0.1562597845694278
-0.9103610390210201
-0.5293579216153995
-0.1761811564665152
-0.9715062048850931
-0.07926257301856585
-0.4947658737780636
0.005564802999018764
0.011290067666019551
0.4556470948921524
-0.343273146801848
-0.1899789723110156
-0.4676968699637155
-0.021447497031374614
-0.0937593944010175
-0.4548261810323065
-2.1566492881863732
1.323306929323876
0.12307945111349355
-0.06041411066744614
-0.6657670811985871
-0.366807226035002
0.8715292572503293
0.3354290071282287
-0.332185461012212
-1.0147298076381577
-0.6288554583917672
-0.00521091940083693
0.24894869066347539
0.07644602008186197
0.374275737998096
-0.25361727192130384
0.22173855695577718
0.14473853347255586
0.3823555250897015
0.10262400027332359
-0.5830176616311965
0.34371607716163455
-0.06877427961716209
0.47750441547693584
-0.20229936215650288
-0.11420371448735159
0.1903756602733099
-0.07277983342054936
0.034694190047208244
-0.35461613510713574
-0.3980934761343412
-0.36240709924530856
0.48971342147343266
0.19108914886901635
0.2612500153150344
0.023798043804002397
0.42458842333577396
0.21248696199796582
0.5430301765381498
-0.03582288533778999
-0.5123921034221991
-0.3471507178400999
0.3380869805653283
0.5385814861837867
0.6998971143710881
0.0827086913313211
-0.2708367194266569
-0.9257334262547
0.4585734113888394
0.7485733834300886
1.1202276485787077
-0.00231600436993919
-1.0931239038614669
0.5384924127401458
-0.6163701729576447
0.3276060037803608
-0.632148397631088
0.45745691498839086
-0.4539532361224361
0.040878558737766815
0.36218032245885046
-0.7886685310674939
-0.23341608107614736
-0.05434425210920182
0.39658097425376726
0.14568411784586172
-0.8684179983557098
-0.9348436598249731
0.16032259379467445
1.1504094595992795
1.0100472943012162
0.8426539979629657
-1.3437151182059066
0.3228465812845169
-0.5133623781093671
0.18252772744985996
-1.3214683511521166
-0.18671081428993444
-1.0469181847590479
0.16545567833261554
0.1690752125798287
-1.6508383074166657
-0.30750682460979745
-0.2988720113052167
1.1829642234522166
-0.4234486288127647
-1.1151899038399222
-1.1400438149303778
-0.5271522162409981
0.6964594887995827
1.3683104032783775
0.18120369547309756
-1.1336095870730885
0.19146302028684054
-1.2519960315251295
-0.0487258912652865
-0.8422206449410068
0.3565621416848772
-0.21972200706298403
-0.1406044749089581
-0.06866898409869028
-0.8837913867296434
0.10972876485021946
-0.38331952247120826
0.36387763042355764
0.33971122974939083
-0.00666080077127328
-0.5677276780213872
-0.32134724945528015
0.6024042396717466
0.7679101809582197
0.5776154580083491
-0.05618751147114847
0.0276830333091297
-0.12348994828781351
-0.28182204715129205
-0.44165110870394586
0.4352086532217781
0.29546396068207603
0.1747378390494428
-0.10863263012383775
-0.2492346589580797
-0.1392336819989426
-0.16312928332135626
0.07374158875550763
-0.3520184600035689
-0.7022930561610247
-0.7551833736211562
0.5463954038140215
0.7570683534404524
0.6862049359486277
-0.058828055140952844
-0.3908402506566631
-0.376224902149709
-0.3985820840857679
-0.37367525156295606
0.12404936134994284
0.3061935648195479
-0.16523205364555874
-0.3010520991318835
-0.269293812466932
-0.10551616512778257
-0.2646945607481228
0.33711442043457523
-0.013729912490442826
-0.0020835806908013304
-0.3849309311584134
-0.07178053800511333
-0.33442785499039224
0.48831642358249183
-0.04096523112199891
0.05730949276974158
0.043027453070186454
-0.006659725437922765
0.04284602033991606
0.1608710570037212
-0.3907740288489702
-0.4646909657594348
-0.15756949010042182
0.4391592678636718
-0.2582854187372101
-0.15090969573207866
-0.4685349240199695
0.07001965966134037
0.4704193604636479
0.32952631749391464
-0.11858201456066157
-0.528894641883454
0.6302782783900572
-0.14626709536604685
0.32577636959336076
-0.3254156749443833
-0.3151835087954816
0.3619626066315317
-0.13531370741356827
-0.44397624210488784
-0.6231562277649227
-0.3294251716416601
-0.11340360701951198
0.27328143351798145
-0.24447378878084886
0.6940771480980941
0.34327535208689497
-0.2709014410062527
-0.12334014876218896
0.48945749589458515
-0.11153977203973578
0.30590488750262274
0.8562422616251563
0.06404560019175051
0.18079038940850944
0.008965641039596529
-0.07922168075410121
-0.07616052721116372
0.3574537598993002
-0.1582894736616702
0.010143122260118946
0.3819747915847042
0.042636957228500076
-0.23629239172482958
-0.04269762155166922
0.48533754690829245
0.15097921138462464
-0.566863387558774
-0.36758156934247427
0.6515588936363821
0.688653130473184
0.23065013392443667
0.30598650846381115
-0.39161880433215196
-0.23109247164513316
-0.2592604896086127
0.21321137138877672
0.13707923894020305
0.9180006370132723
-0.30962097442184483
0.23737947956801192
0.043026335040795644
0.5656693732562059
0.7507324659406118
1.015477366208562
1.0999442242774846
0.3178005215922755
0.27087878590018427
-0.6791527533958606
0.3972783635710789
0.7125382377123595
0.7884721184574519
0.5098872702746646
-0.8182385570801046
-0.8055228861465084
0.029681413513241047
0.608772518899107
-0.2250770456274795
1.38653151616994
0.05156938578028388
1.313851803157225
-0.11551969236499662
0.7778735919268401
0.7391776496301546
0.30645650301186295
1.67354533977876
-0.22484333773285545
-0.10067474417085048
-1.4263383152725475
0.8841140683450486
2.1587616353027634
1.2654854431105158
0.6389379396081517
-1.0924010107044262
-1.013577922254739
-0.2275233440069906
2.0425930808149695
-0.5615646020469532
1.8244746725100336
0.19091550080271616
1.4554623480216282
-0.3773348328252611
1.2861653263286237
0.972686246372841
1.440030678982735
1.0435896068407473
0.11230935225133262
-0.37854771637378876
-0.24500670500820224
1.285558034771957
1.1565402026201748
1.1631160127137965
1.3804254520274613
-0.718841513989011
-0.31741917457356483
-0.2258176874651575
0.86972691072401
-0.14295953574291437
1.578112242744875
0.5053911012080837
1.2298683625256315
-0.19245219360159307
0.6990049929640773
0.8658352319095325
1.089287450226712
0.4600751476358374
-0.3040360747248994
-0.6870200569415649
0.13781766351787625
0.5610892737121833
0.6304149198357248
0.5073238321984914
0.4766060529791021
-0.12013882073065149
-0.9248764087147341
-0.689827654141063
1.097104645097132
-0.6378593027960877
1.014156140751524
0.0768660645325043
0.7440894440758558
0.16852401146845863
0.6952349612121747
0.2692562070464778
0.9166061081024651
-0.7868246405677031
-0.4498577874775932
0.19215877636439083
0.211167281448183
0.38598923373986643
0.0868995186353251
-0.20214625298769884
0.595841432109684
0.4718085561663452
0.5475980652428871
-0.34569171878430627
-0.25688552301422507
-0.2125526751912657
-0.17721371710343362
0.2923163145964747
-0.7785329298649726
-0.17243650194736507
0.2863699880354052
0.4495904649174792
0.9497882465309623
-1.8399830766530823
-0.15319111886995504
0.25904845580569635
1.4008820313063255
-0.14206816025453206
-1.5259001266190235
-1.2029380632730267
-0.09434366791608027
0.39114847912968015
1.535561658550283
0.6493869096505441
-1.2006846599182122
0.4584299670791267
-1.4892008870030802
0.0014285445680295513
-1.2497779663390431
-0.25213717367363664
-0.3667799340508252
0.131858300228693
-0.34550089210465745
-2.4538542749947676
0.16027274718398524
0.0248188930168521
0.8893087543056428
-0.19069294939558484
-1.8803138024939692
-1.7366499224411382
-1.1530594881187766
1.2135156589772185
2.2494084616752366
0.4669868429563905
-2.1207926584626784
0.7911492671636668
-1.4216384553814094
0.07878304627466945
-1.3067488365892177
0.588030283511781
-0.9539236533862787
-0.20327793953684767
-0.5518768372216012
0.35879877084091333
0.3859498158775307
-0.4285793111869667
0.04093945981992731
-0.48003267898910945
-0.4787449955546186
-0.5372540958986327
0.1527006598636534
-0.12406286190201513
0.317605056698121
-0.1920532399309525
-0.09302437949690562
0.39251691539321854
0.388641385391584
-0.08870920616968085
0.26699084907342624
-0.37000481684692765
0.3926759951676375
-0.16836082929469387
0.1635259096064334
0.24901982517786975
-0.4731427684382647
0.18505421230880315
0.13720775086006015
0.4017024326711571
0.06788891510768363
0.1251080558664704
-0.05166877717430196
-0.4807007824668275
0.11057559043217519
-0.12043497044346668
-0.10282721007871676
-0.4162184172717695
-0.3772372070405107
0.21979619244840132
0.28367846092217147
0.20333855354995767
-0.10980062610774483
0.03310851244396951
0.2855095484913582
-0.3908503419237465
-0.17743431390154235
-0.04885658405072729
0.4275479653138416
0.456477042600203
0.29403016130026755
-0.42730959960033993
-0.08871601083238317
0.11839418463786727
0.11195405748333587
-0.15250433670649316
-0.17470873933126352
0.27706218381118336
-0.040347938749060064
0.06153219490008016
-0.11674291552548693
0.3206452303893366
-0.2732687573284049
-0.07696690767122716
0.2869597710710888
