-0.1494501473945254
0.3794684935012662
0.07689856888314928
0.1293323964621928
-0.1527496406860816
-0.29058164022488003
-0.13190332718088232
0.3108706174687963
-0.12638368156200175
-0.03567800782422498
0.47591657083174
0.30643749343236176
0.23201251590450245
0.3233923770970344
0.3611084931463272
0.28328949975396256
0.08524657761226978
-0.3643527916764827
-0.200556902068177
-0.2166897711680011
-0.006836153247440851
-0.03184845190384594
0.48411335052283816
0.23312111383661396
-0.4269991468189825
-0.10622531443727007
-0.15834606706949178
0.003196408150199618
-0.20520386790297607
0.15704260106772305
-0.15462582815669548
-0.0796947325781566
0.11471734359485067
-0.13235833080860923
-0.30051549073124617
-0.010497844320400343
0.30341221777092015
0.42711484925379367
-0.01111467768611705
0.3908748701855192
-0.1711996480140267
0.29110441910070856
0.09037764311866549
0.49035525127496593
-0.4733277897268878
0.2167522670532405
-0.3766580733026091
0.14957748121714473
-0.41355008420364786
-0.12767876935833145
-0.2949614706022129
-0.3207103850664228
-0.4735420156299089
0.307879389822286
0.37919163530982847
-0.08717054236580038
0.004707449465568258
0.2640624986259099
-0.4622279609041664
-0.27610381251164
0.4833259378746112
0.07032696660524476
0.30278662225735886
0.3553424894306551
0.17802856183540444
0.13614949713956107
-0.12212130653250551
-0.4242095703635708
0.22898581299601778
0.1935770785853363
-0.3483304295404575
0.009321000804801654
-0.09024806969574775
0.007296670801701973
0.2462007053239241
-0.3636726433178956
0.3108149065226988
0.07856337988378612
0.2364113104350822
-0.29540891867944663
0.07260306340649267
0.09839482931484589
-0.36409730535480805
-0.2602129292524485
-0.22872985885668062
0.053760148815651713
0.3256247733841695
-0.35033737027898726
0.10679750591761078
0.23618335409032665
-0.3038035693583042
0.03879012834682881
-0.46665198449562956
0.053695645216712044
0.49652016049867714
-0.24413003703635508
-0.24536317833327875
-0.38789850711814927
0.4339107993651754
-0.20110195983725618
0.4464009753592498
0.36028239823961583
0.08251901865104781
0.031337973406454694
-0.1465347501198504
0.41477919686723036
0.3823174816408559
0.15691153727422721
-0.2475643018459032
0.18735309711377848
0.38019347558879213
0.14421619984446854
0.24160082747271233
-0.5228820567604725
-0.4133404696519126
-0.48951299273659826
-0.15020572751005543
0.10256206863621839
0.266362443105484
0.629232550767105
-0.12100410061316064
-0.16590131533438177
0.6444304473765047
0.25271487018589084
-0.009436514379262458
-0.13885294083914826
-0.2652299537321629
-0.3200934785026236
0.447076766022298
0.06997544156274531
0.5425558317947122
-0.24852590336183158
0.007820112762667883
-0.19862619512481883
0.5166004156488394
0.32164563778237515
-0.2016016864313613
0.007555831181335963
0.1814963908573146
0.13616817175960352
0.23118779151431632
0.5790122109868907
0.3583147081600981
-0.22711966218113705
0.31839258767275613
0.28032772590722155
-0.1763093808870319
-0.11910911158848549
0.08327361237035198
-0.214511892138015
0.3377431009759236
0.42562008074814583
0.4772439538170549
-0.2419525001180552
0.06680294581099837
-0.4840656057014249
0.14948564729251645
0.15244341319197696
-0.3796183014536352
-0.17523965573117295
0.12181429845972029
0.4876370879273039
0.00574888666194855
-0.30578551012225647
-0.30957755332413117
0.143974538731986
0.31902221458692287
0.018231605792740545
-0.17882764211973257
-0.23459007993343026
0.036369383360025286
-0.25011804926778125
-0.17718821384336902
-0.38524120430516484
0.404570456089969
-0.316234547819602
0.2767148542604702
-0.006107031603674437
0.2231709478546754
-0.25958787564311603
-0.26883466531687783
0.195697555583157
-0.3508344706315949
0.15891013825523462
0.3959170373168945
0.47616055877625185
0.03926967863619133
-0.3730333750353763
-0.04853921500498589
-0.09404841719153059
0.4210403359873852
-0.47240018108302095
-0.031292913270322784
-0.3170925821158676
0.2615981828291574
-0.05127238977578273
0.36717951647572233
0.2666560599675604
0.5056126507690638
-0.2331619445753309
0.25551259589893993
0.20729306658062685
0.4797526513444123
-0.13795007328959974
-0.3697530838206203
-0.05028649197312577
-0.28839116916346597
-0.2522086896928854
0.22808182124324727
-0.2185910741924561
-0.34843185405983135
0.4414378796624419
-0.4760213851883223
-0.20939355441481586
0.09271424900271046
0.18187199423025502
0.3021575058661178
0.3421644491768692
0.48842838165049485
0.3394562418737786
0.4603514327753713
0.25382338402939475
-0.31300581093460456
-0.44694608496362814
-0.41360833906440947
0.04358335096422613
0.19320836482537898
-0.08058401164144031
0.39652678090094556
0.12344451241300303
0.38049574579651396
0.2638106738329519
0.15078762438586057
-0.10584860973011512
-0.1877745336278334
-0.05836734542064189
-0.3117279706706021
-0.34693265381884136
0.35780969368207305
-0.08892864135094024
-0.015875828487697433
0.45968921397938134
0.23823533088377896
0.22167442500968507
-0.4953397251283383
-0.39828261874006354
-0.499864707187677
-0.05828576836186161
-0.08510949232697583
0.37360989201667116
-0.06422746989241429
0.13054367484078092
-0.20033271283355908
0.3799061057714241
-0.07563848460495011
-0.3596145613638072
-0.4216474205698788
0.4636889822122921
-0.25119193210024987
-0.014738747396463697
-0.031236320584550135
0.2334144640706379
0.29156897269377513
-0.2950630463867728
0.29449450178103354
0.3525389721156867
0.13399559590099502
0.034264523274886764
0.15086362425230943
-0.2582571686505484
0.06635464620566885
0.15805243415639678
0.3486328822349713
-0.23932722577590443
-0.3242353513748029
0.2099381471538578
-0.3059135424699533
0.06008237839753308
0.3024918916461514
-0.11220828570023668
-0.040544147531691666
-0.28760895757141486
-0.3291202947750778
-0.17285331627540462
-0.28663703911790794
-0.3774158646136741
-0.13232109792055805
-0.2913909171678437
-0.17504444778144276
0.01972485517852643
-0.001704773090614154
0.4113741938631069
-0.16450617982241084
0.09940984744346032
0.5078843970896575
0.28008881866059127
-0.4033456448220382
0.3693940979033108
-0.32100409942102465
0.5591790383615273
-0.45883453760432474
-0.06628169944570612
0.4814591991603952
0.46262214295803544
-0.1541826524458521
-0.09688790318651185
0.38845740022872255
0.4669266940614014
0.48876718537900044
0.0502776597282604
-0.247029678759851
0.3557892533716119
-0.35306264345917765
-0.11403948073109904
0.3842877821439384
-0.4006812328657098
0.28942579072615193
-0.4478948828602245
-0.008769066049824107
0.36914523811353334
0.17664597437786111
-0.19458587688325438
0.18275285509613778
0.15249696212434935
-0.46910878483704577
0.39959610340334434
0.18042092452751451
0.2422640982671596
0.06516601772452532
0.3704558882554366
-0.16138085598975535
0.07483904768733184
0.20693892757579424
-0.1134658597135149
0.13124771860094495
0.0835549154131958
0.27183914696128486
-0.44852709353575826
0.26542081693264696
0.2814256321106129
0.15976660595519096
-0.298812332787599
0.07944059403020606
0.3796988666564554
0.43311507120898823
0.011857691645296957
-0.34273421743938925
-0.12295238408345699
0.43497043447790934
0.25590122479406224
0.4058034497612338
-0.3465689393844412
0.3796293840770399
-0.2862962064896292
0.025499666774072557
0.24516317019859887
0.15674217537024354
0.48503902976058777
0.22519417595822344
0.2779195050443191
-0.12109636838258477
-0.31236054548624365
-0.38640425047520244
0.3322144829088396
-0.44824059678107786
0.015885676969320806
0.13639747106580458
0.20169351595425153
0.013760520925090924
0.4683426931844295
0.04227524806135389
-0.377044878561745
-0.38723610692295696
-0.24175058575906175
-0.2171710527244868
0.4759506359275087
0.21312173657996195
0.3074971775127571
-0.09060267715952522
-0.2213365156774537
-0.36107938299985937
-0.09780499873447168
0.5276177785119712
-0.33030296458243086
0.03167104823045252
0.2972453291102867
-0.04458864308704539
-0.3675911885276418
0.2892983889319674
0.2812450841947611
0.19976381845239957
0.20378802714602173
0.11768692449524575
0.1231992012735167
0.45826946871575563
0.21071273772971152
0.19062709944230757
0.029721218855090593
0.07322103246172941
0.21403872074679023
0.3012195664359083
-0.2630769916197397
0.34901294613024125
0.4072242298372951
-0.1435423062181743
0.06596188386233753
-0.4927580644006666
-0.0035533964994277196
-0.3781288797593393
-0.0659659497969839
0.1548333244639412
0.1145951936415123
-0.4857010727070094
0.49182068168850157
0.4953521985573825
0.4159029810508547
-0.143889369038534
-0.23423242161148033
0.19046475691132886
-0.11499945884915909
-0.1642359818843709
-0.16594111712395296
-0.3749265759908701
-0.0378377422960579
0.43246882760360295
-0.07728528223653097
-0.41499212092192034
0.30131392598510354
0.23694399880194755
0.40129181323954605
-0.43914711930606365
0.15209108310261157
0.274898703012906
0.1826024954498483
-0.3279326309163458
0.3771456612968789
0.10295910217678204
-0.4350158743773954
-0.31900032668617373
0.32134405385032444
0.4564802028088132
0.34315020278258734
-0.09356092377805857
0.21006005275178488
0.31101436351613293
-0.3369332191815555
0.25125006617519624
0.024733796272592628
0.18906666600017852
0.2341325970680397
0.365185123551946
0.4008137925474671
-0.43005402678102916
0.31621767398768225
-0.22498433442681617
0.11158961218735503
0.25135976427854356
0.05705566951468861
-0.5237798486787448
0.04070772966847515
0.19457012249607247
-0.2538020707518749
-0.4244652557836776
-0.43675337929711494
-0.19442025444451247
0.07159426286648309
-0.15287488058519913
0.19479506294222862
-0.4032163504086914
0.2800975667357007
0.14314445428384337
-0.02390513926085183
-0.27936533198291125
-0.4169766506421926
0.3760826888346174
0.35475385049722047
-0.08435834963867125
0.06432468647301759
0.22699448780489184
0.016995701593745048
0.23379678964737588
-0.5663231413702059
-0.05178041176454126
0.3901963680339619
0.023567090445043414
0.5423749268187416
0.3104268002361846
-0.44767951993932004
-0.03333588280671123
0.09330439155242251
-0.10801357147470446
0.05645959253866579
-0.02843307344273969
0.45534364078495937
-0.30552881534861337
0.272654840562241
-0.20381354554843345
-0.2444830373559827
-0.08367080130862234
0.08574109637083403
-0.2683863823310307
0.27997597191073015
0.08601137501315884
0.15602046152632731
-0.39834288398250817
6.0024130962957066E-5
0.26989890463574845
0.263165524709913
-0.3540078185007614
0.010900947282167641
-0.21495506994543648
-0.07110371883635894
-0.03940845280993171
0.2044030561297461
0.18597503943774818
0.12939807734460432
-0.21266452403848932
0.32871838515555973
0.3332849912604286
0.0330223749517885
0.14741609211055556
-0.050880125939794456
0.39359538718666864
0.28994824035671435
-0.3250409820772397
0.3317019543192392
-0.23491819824922333
-0.195067348596194
0.5226630738149585
0.39578988908445273
0.19152096429031354
-0.37669143616787426
-0.4244235487142953
0.3873161590169911
0.3017786953763141
-0.30166865025076295
-0.19226358780243855
0.1927749256791625
0.3351466939219005
0.03773416911333233
0.08281752765970246
-0.565969970873325
-0.214133700698286
0.44584755836157797
0.36537412442899764
-0.1711519068921934
-0.28355474644631545
-0.4413096940706421
0.10365343138851715
-0.2201568529270398
0.4246750593097005
-0.4753811450381844
0.24457738841055354
0.3545154275225762
0.31149455653621394
0.017345414786951972
0.4189615270891342
0.08677363375650389
-0.1063951538932637
-0.10499293450034886
0.3542968062017786
-0.33466486120867667
-0.5371782903528405
-0.102217981955793
0.2800072521667539
-0.3127689359038683
-0.13139009398070012
0.2721715123765208
-0.37660171987487967
-0.424809738334404
0.24626774067045135
0.1430043420569031
0.14320085868026494
-0.35723702141652197
0.21933202232888654
-0.3121209751280307
-0.40214740752979694
0.23833025163556446
-0.22352730176634872
-0.059971690115552215
-0.00888140672853197
0.32870658966977195
-0.2925786953300914
-0.05168358079749003
0.07686331388473386
0.5204476014353555
0.02090096076408786
-0.4403085098404215
0.4204748921390104
0.12785305665591046
-0.06415860407999784
0.253679079837734
-0.31801407032358103
-0.048789992765284874
-0.23234979794073693
-0.3996323952916094
0.40899357711969936
-0.3229541740391467
0.2729570320168069
-0.3627080871815809
0.08302025765858467
0.08646658857189791
0.14522622232368015
-0.06841718446090969
-0.19526951508671744
0.016759008090083502
-0.1904911228684284
-0.0011221257334529378
-0.1943441738032638
-0.33556413325562706
0.044219350903639584
0.3036005823864034
-0.39671367738770646
0.5407883354572122
0.18885257439205624
0.3977067425496899
-0.01924728650276807
0.4715791831538263
0.1695103219079043
0.1485121456859857
0.5023828130368589
-0.3393051576073938
-0.161363463154098
0.3712846393417985
0.2333200588762843
0.20025393073479364
-0.24214724005739657
-0.14372492788964103
-0.2801726878635054
0.4156293791747462
0.12991739888043927
-0.2827001701926707
-0.2543789753321971
0.47849509003711416
0.297938146215773
0.4818708717973825
0.3998217347264017
0.14719122009138563
0.24105394009941397
-0.362058407188872
0.19360626014289917
0.22891873689054265
-0.19985778086827835
-0.01465900201775659
0.30107150356536166
0.264528579503387
0.14620195954779874
0.06768737838214163
-0.04883960657293142
0.33379599680479133
-0.13345164043345642
-0.47905594104778443
0.09865867334256008
0.3292348694720547
-0.4034996296392876
0.3918410358157957
0.1162455946913824
0.38452992924377494
-0.4537620977957703
0.2388924915305758
-0.11438734740321267
0.07293147990080454
-0.47652632941932616
-0.3500850858874252
0.20478207115718416
0.4634190924421381
0.025882110003236224
0.10226495879734689
0.19515049153924974
-0.34883794363259313
-0.38045726090631005
-0.10153299081051625
-0.0714666395112427
-0.3126360293083638
-0.43044240864946065
-0.05331576915516673
-0.4369220130131496
0.09314175989800737
-0.5001791459812448
-0.1797983942874125
-0.2827929234022138
-0.602022609238251
-0.272197390252704
-0.10222768138241836
0.007576857633284721
-0.1362341150089343
0.2608272219095093
-0.43752963939919987
0.18301179220353433
-0.42188086547106857
-0.19628494799769453
-0.1986944655085245
-0.29419618117686297
0.07915855745510884
-0.37434122456238345
-2.7103384405863815E-4
-0.21882638212260522
0.3732672739122983
0.007956822785624929
-0.5660869845791356
0.4751822393700121
-0.18866249219898062
-0.3774473907938046
0.05698076805484073
0.48879773769632406
0.4095309726863714
0.019008281958226646
-0.3421729061181545
0.12671332040459082
-0.27594530089064073
0.18890140503032166
-0.3648161727122725
-0.3058828589721185
0.15059841833749496
-0.354899163269644
0.19437582972952025
0.026679327589946466
0.300963198969648
-0.06522122661429544
0.3209286356777536
0.227555658598286
-0.417555871391624
-0.5995030040543415
0.15760681194022344
-0.44407135454029034
0.5445755601084328
0.07597143420829103
0.17114938410567926
0.06818171082783991
0.45276123266898616
0.17866325948310757
-0.5008211977309
-0.22522373461193246
0.5067881789494738
-0.32098967297936637
0.021700342505816757
-0.3534286972752803
0.5056435495247446
0.049236263267156806
-0.5091095411789722
-0.017110522497527696
0.0192061946242952
-0.08892035603820293
0.4534228486162722
-0.1368342622611997
-0.2594872005177217
-0.17473627411586892
0.2669621393548742
-0.37535230436270306
0.37690916804242475
-0.5430451779892806
-0.3852650775393298
-0.20991413350442784
0.5502361863151966
-0.06448303671763617
0.34076608293895383
0.5333955352815376
-0.16718913084282325
0.20236422109746144
-0.4945495319585605
0.18024873816210596
-0.5274439764393922
0.06887754111836113
-0.2576291089390664
-0.2953278407222048
0.06691592841515209
0.19191461281205513
-0.6489578722545513
-0.41997569074386776
0.32756383069727435
0.26969110067416885
-0.06693966752521173
-0.4851836424872101
0.5414574841289267
-0.48623749736134125
0.17472123604192413
-0.06169787392801896
0.44258458516007093
-0.3036929917068873
0.04189912127326484
0.4104449414732338
-0.6574103939168233
-0.32384988201073417
0.10840034418943338
0.388941983488603
-0.09965542114320068
-0.370969459431538
0.18922104983245105
-0.06875751163703601
0.47615072201697456
0.2315597791894581
0.1216765011821016
-0.4067362953264154
0.5716376326714954
0.44345073096350107
-0.05008881427245903
0.4406311007619894
-0.17425412815398314
0.04369532311541282
-0.5724575309097203
-0.00523155181304695
-0.08649933165506865
-0.04957285013982305
0.47282053374486854
0.30322753295535865
-0.37025332770695657
0.36611473456325927
-0.19926789996144215
0.07733724285170289
-0.42915768209719474
-0.5098818973793537
0.3214148085802144
-0.2504267733857511
-0.2394089259639338
-0.19413088498561143
-0.21876143156854036
0.15616010076249098
0.311171139728402
-0.180649474994581
0.27396408937090466
0.22730175561887958
-0.46593050577933076
-0.26479836281425245
0.5010650214705799
0.17063645417768503
0.001234352626201363
-0.21832134798503394
-0.43328091180234984
0.2573597017885431
-0.46530688764315165
-0.013923189153213533
0.13270372516954082
0.004151114300432817
-0.0040627643400453035
-0.1766053061483246
-0.14893712355436098
0.1252579214287023
0.4912823553245773
-0.08812928583142342
-0.1457320896983795
0.37557347343216213
0.1909555595319859
-0.3682079589526881
0.44248596343429963
-0.14520368432390446
-0.2630321452194626
0.19197629517486056
-0.5835281312907845
0.16541250374002564
0.17151944101433103
-0.6171272133789523
0.010751277744167877
-0.06670158882062611
-0.1381995736046812
-0.2969139464815704
0.3183435624738445
0.2629971487204017
0.22999340413626793
-0.5477539407792268
-0.3623182290441969
0.3342987437820833
-0.40175153153912885
-0.4640195089029294
0.43818429337718157
-0.3920323329727128
-0.19274956644961075
0.18974025941148526
-0.389442120378348
0.488519578269281
0.07630175627155752
-0.34029510626064857
-0.09765499032602044
0.053371029868309425
-0.1040954988928356
0.12286373123590948
-0.3758180995040615
-0.1156255034025228
0.520319319532973
-0.5271500486424531
-0.6389287681877622
0.43141538548364394
-0.21607914723223817
-0.438254867242083
0.42514492944712684
0.47218062671037797
-0.43008078810114264
-0.10050478437561502
-0.20200131417781517
-0.06262072653194872
-0.08765968892782092
-0.08574752050458045
-0.3906620122992794
-0.1341054521552673
-0.014102898779488057
-0.10899740971868853
-0.45464168757073914
0.34894888230264554
-0.2567906104384867
-0.4011832004231842
-0.11903003272888033
-0.3203215285639752
0.3623714297855072
0.22441273660159045
0.13996286405304992
0.31879875177025047
0.18955200062352315
-0.06923857551452736
0.19874296278314038
0.14004866875287902
0.012167885150194305
-0.28275171816168737
0.17288808020450688
-0.22213140440456056
-0.3495840792300262
0.43735292499802597
-0.08211072558254755
0.23738354972145687
-0.13413858639835582
-0.03950349191325642
-0.3002693655407065
0.4685036658789788
-0.19277250125268236
0.39011055911752623
-0.11436716699829585
0.04418219352228972
0.20616802310381097
0.37113814688525826
0.212867792956175
-0.298271196486971
0.4256335801389125
-0.547003809738623
-0.5350098922898636
-0.3259442533836077
-0.14134685592052626
-0.020685183871747892
0.2843224120218774
0.01970666132098622
0.43910954408036146
-0.29644094279553923
-0.23545269903802585
-0.3379742375145584
-0.06513105613955056
-0.38613638948440293
-0.3009734933795121
0.372029996140018
0.39092140188433355
-0.2645506286189022
-0.2090535155863676
0.4498987916745315
0.45429633546661674
0.010858951797075108
-0.32639657799784655
-0.1713570671213101
-0.43665406595692224
-0.1473494342316435
-0.47241079371282313
-0.24414412694227197
0.03746131960094746
0.03593565989218449
-0.004393148311475475
0.42174916820015484
0.37484420815316105
0.413699045567071
0.3649879960546748
0.4439810003577389
0.39990526699684903
0.3119050777719824
0.23807892544870765
0.31997783616175146
0.43744740013868816
-0.31909014316066964
0.04383897060894807
0.11959369430260325
0.18896220216831783
-0.46158130153832816
-0.05340250981427613
0.3318117193696414
0.09352760758635513
-0.4228876906595171
0.39822439217517897
-0.22098921879440964
-0.11920498494419603
-0.4109522524921151
0.25509606456084044
-0.43911983443975516
-0.10431271922135188
0.2924313693619407
-0.050064481222262154
0.2914855608588482
-0.28762491109620764
-0.26850345812825777
-0.2143069525749224
0.23503485302069876
0.4840990344528782
0.1324870780510461
-0.32748609314266997
0.3472715011001576
-0.1793065535545974
-0.3277656380794789
-0.3602981808583046
-0.14422304289456014
0.4657020842831904
0.5123783480054992
-0.4979667173572956
-0.35094541743674795
-0.30248750396229723
0.009138242639029442
0.26670752761005806
0.030946404106280963
0.2644889565508596
0.39263530068904623
0.20602344580818466
0.3028688121909819
-0.434038890189507
-0.32511048140794885
-0.48645183824525395
0.17305622834382758
-0.045275592884287875
-0.019944271781567092
-0.33677410869033225
0.41593316559508475
-0.12569859185640234
0.32240609672217857
-0.320956001221105
0.1668802090695689
-0.018417501180831214
0.4315990492026578
0.15115059121794464
0.16571463406157155
-0.03252821463679594
-0.2393607330068172
-0.23550330465187552
0.45528345104585555
-0.3939874135729128
-0.0680987071578036
0.4762343159497593
-0.23590616661933897
-0.43193555211086987
0.04871469901660905
0.5341014776333461
0.3351446596709229
0.23741560444242954
-0.2543891557462917
-0.3252886330262412
-0.5051756164330133
0.33702446436153277
-0.17559596209556966
0.08141442339153813
0.033246041721573194
0.0344801769990614
-0.3235398968768674
-0.17044430068321736
0.10303836402530678
-0.4171910193656081
-0.15730259754291057
-0.3549417730924334
-0.08537798153271735
-0.3694301347932457
-0.05516116658445491
0.1329848678176171
0.41307265502868684
0.34708613896843027
-0.3838403360516121
-0.3354451770705858
0.3339479122281756
-0.43898145949736084
0.1422848286029632
-0.31942053873023085
0.166456288987223
-0.374980979273909
-0.08422374707152738
-0.22795040988651571
0.13193405043723153
-0.3343434049258119
-0.1889027781163773
-0.03759848847990428
-0.008455849288927616
0.32128878148849105
0.24148884071243906
0.10534171761847005
0.4579799762849636
-0.2503421710031741
0.46814318810132804
-0.19913026422258823
-0.4680707536214022
0.22874989773945345
0.26234103679815546
-0.18006356192273093
-0.23458930107725368
0.21060691441062715
-0.16789165936252337
0.2623473860648448
0.1557776588545151
0.23084819214863223
-0.33424236908972066
0.30723173418972644
-0.40184301051249127
0.26678199025512384
0.38256257444252906
-0.08633743449857001
0.32734791027283966
0.22189234842819036
-0.3855440210309128
-0.04827205517351099
0.0782980933071829
0.400166623390603
-0.09589814682550697
0.5168432211553791
0.4336697155714365
0.3350165047664147
-0.15098576892521362
-0.27066960149270036
-0.2901360760903911
-0.19392240979102873
-0.3305324386315266
-0.3635751257975542
0.31601384485492306
-0.057458551196924786
-0.2361848700490455
-0.2635494721956411
-0.3879314797976987
-0.35814139105569237
-0.011472671413421832
-0.22986938389818234
-0.22290266298481748
0.3326404896602328
0.23182779908196666
0.3562977208907248
-0.19025520576724628
0.4426320736998164
0.05154531924948309
0.01110955368414895
-0.2883168335770253
0.2751657928228638
-0.35561301996660316
-0.41890244643970503
0.21248711319069383
-0.1667030775926162
-0.3325923018867215
-0.366160770005358
0.07491483917704078
-0.32270200625545487
-0.27276168133434925
-0.34872806017384955
0.29145611386312636
0.4972861664962504
-0.1923008178437638
0.05310841805417868
-0.0701316654631802
0.3598939363712832
0.2666494301316767
0.14585650832596933
-0.18391569822224085
-0.09961847756479039
0.09237076132219128
0.25492029636180874
0.3357425367224586
-0.2212393925874445
-0.21202267429575586
0.2906504286591733
0.3881110173502808
-0.15470885050425995
-0.4296607809619865
0.08818916093170923
-0.2879517035065823
-0.2074689584912817
0.03759476473206273
0.18064260493352013
0.10269777618493688
-0.38254284066339245
0.2898562262578656
0.16743005694191895
0.45525340363090183
0.047680583328578045
-0.353974373059669
0.06529465805361635
-0.42180397983942536
0.3400381077725966
-0.2978009132041838
0.12861725671077254
0.056440012762900914
-0.1861013379541777
0.008787666366324167
-0.3827696207733756
0.2654439719910459
-0.3524674556531572
0.05163491030612582
0.3159630048781015
0.4160302326053793
-0.11626628194413413
-0.0433874855236272
0.13025291576094883
0.03816131386843346
-0.11944375151140293
-0.13233590457385683
0.3220474117876016
-0.4843349667994084
0.4603742198282024
-0.2720717009370551
-0.19660407871879337
-0.28962634911880253
-0.268477111263192
0.32667058953087125
0.45623543759728474
0.15267529016018033
-0.38162589600269237
0.09737464356532227
-0.03774618919034588
-0.3805945678800251
-0.429018158856238
-0.46377533839901475
0.3119023035421316
0.3027824853426939
0.47853903686554017
-0.3401170724887684
-0.17765116945546744
0.3698645114557302
-0.2616698351485916
-0.008353044636251132
-0.2413374985348756
-0.0676667272755736
-0.4538714145074057
0.08371279055018103
-0.5099661289081495
0.46699588602052317
-0.39207718246791884
-0.3780326382138037
0.11477063358144564
0.2823766174000013
-0.22655353435035736
-0.017202107297378744
0.37598896224370953
-0.32083448021353816
-0.14703598794583195
0.07073661927411821
0.1499219797912412
-0.23738239386244206
0.019219453650645736
-0.3759354761906909
0.4396474460295509
0.0062521317671684435
-0.09392979472770735
-0.3394991735282044
-0.502121084662869
0.17545836894627734
-0.24896612227686454
0.3552048474767635
0.3412657653777754
-0.4274838649095625
-0.026447276233206283
0.2015564501285665
-0.606809166807487
-0.45558193646922507
0.5292556012023505
-0.4836300681652054
0.0786263986170614
0.4356302117497027
-0.3198032592186267
0.13922734631371353
-0.03069135278277905
-0.37085237868343474
-0.48438128133241176
-0.10534295384021308
-0.060778042777988046
0.3040723523583346
0.32909384522078794
-0.43556124141159996
-0.09451001322659448
0.5630327672392368
0.39016204953288913
-0.46950661310044406
-0.379059464372645
-0.5702051185823036
0.01929328896721479
0.4446990163513961
0.3589767879075517
0.10254145512695467
-0.33552465848574864
-0.46565509771403224
0.18598202465952152
-0.4431474618833341
-0.37455879822261395
-0.05615201741247163
0.2071537961128105
0.24642062061875522
0.2414014116359279
0.17055333618839236
-0.2703601583715649
0.1762090701781549
0.40719837065344006
0.1996041514047523
-0.17747888488281974
0.2769520521600982
-0.19104871084901243
0.22377283516903423
0.31449653245776965
0.22394000233499187
-0.3076105271373851
-0.11937852858055188
-0.1942735376354477
0.34089961820547077
-0.11560453855852458
-0.08066560402185655
-0.1375518209898896
0.43148212909043887
-0.08073108347464152
0.008322605436848053
-0.1336245877489636
0.3383833756705692
0.3388861731607837
0.02565922454784073
0.14776479941599022
-0.5019781525971796
0.2216620517490446
0.4391827610635089
-0.19250646461997806
0.1537968190206772
0.32254899785140345
0.36053351695617764
-0.413292490848849
-0.20973125563199008
-0.2034652809531667
0.3460405848084446
0.25722279638035767
-0.22009985851519082
-0.3155336582152042
0.48652094047513017
-0.032589982151716684
-0.37668735029153594
0.08948345873511886
-0.10693402039230683
0.32840733940443784
-0.3333354005688107
-0.004982831031113907
-0.5070602256111088
0.4431115016144252
-0.20175687287950633
-0.34129837977874083
-0.22743719315538607
0.06737861379811683
-0.09728396571806255
0.23693793751617317
0.05554022643677469
-0.35362900097764915
-0.05828644337967057
-0.06350826955173557
0.19216867975162907
-0.6115610042164566
0.277563454806484
-0.17973097462541238
-0.07930047944904378
0.2847866865017792
-0.5860447704571858
0.06331715215621944
-0.1583278243560887
0.08929060800211754
0.5304985917628362
0.5110237080474328
-0.1786689554672993
-0.5273580956188556
0.36467121104860006
-0.12840002554332566
0.07903145557923667
-0.40910260056517933
0.47524692264965873
0.36237450080633177
0.34907092399206285
-0.41838000551000887
-0.2956611712319313
0.3032314914739718
0.052985204873910424
-0.14508147041686253
0.30119301664524273
-0.13362568354030444
0.22705797697058147
-0.20501923325550767
-0.21761483176356228
0.20463283296395976
0.010190625783253044
-0.20985249775294432
0.4062423016728582
0.17209557462917233
-0.5706669237310246
0.15331359153519358
0.04135431897079403
0.5272778711212798
0.36872715935615696
-0.5362540944613416
-0.21080158563934237
0.4208001838840196
-0.14917656896299214
-0.0074277318620194635
-0.5599218371652163
-0.41696313918164396
-0.3453265739792102
0.444585781159852
0.05669872038418163
-0.09295154164963597
-0.3130807708528748
-0.4679669189697032
0.28939288260794255
0.3318583673304904
-0.33453190800954363
0.2454210794654235
-0.013251252936948567
-0.3706653530479639
-0.441721411544038
0.19036984195572734
-0.4218154857678621
-0.44619572359793563
-0.1271788534288388
-0.4067932271487272
0.08465928873966914
-0.09161125176856168
-0.37818433153094716
-0.007539313714645988
0.40911674920044516
-0.4246957834669706
0.22874078313028232
-0.4712870387147779
0.36785841752099435
-0.5883901955797296
-0.5358967564063035
0.3337421175184
-0.27070386863682566
-0.06677048759068471
0.4235596400990792
-0.12227920676226105
-0.17100858514297534
0.20740649539041367
-0.43842437492480807
-0.5943036269370687
-0.3403412854653834
-0.2975600676572225
-0.13423202576147247
-0.06868655069153529
0.3344341410042877
-0.42065672777890695
-0.41069242136697176
-0.500768904930958
0.5009619168562156
-0.31502019907724893
0.21251553674806417
-0.2571296759300109
-0.2541277102264634
0.4324013943815906
0.3623742819083733
-0.4010062206748584
0.052174087039389805
0.24503045696287054
-0.5992214018272956
-0.5368101526612213
-0.05998347127126478
0.26885313335532995
-0.12792700208824556
0.005469401179935407
-0.44593412180051445
-0.4757790867373839
0.17562702506971317
-0.2596135463482966
-0.435220725502154
0.3349274424167892
0.15631317513774529
-0.13443621698329083
-0.0010473283815087035
0.34106803769754557
0.14682233547500934
-0.36319888485951823
-0.10643790194591995
-0.18382039590269955
0.0450988818300144
0.11721992668106127
0.2749948020968668
-0.3303453248941667
-0.16631684196889857
0.06535148112161553
0.12185927488938142
-0.31914472004845273
-0.520290930177257
-0.10778508577792428
-0.13891427484502036
-0.5949614705379765
-0.18971585703419996
0.2616266971850433
-0.2972263004683926
-0.3519364235906897
-0.14256699210727852
0.0561864243864093
-0.2518901052831467
-0.47532146151021604
-0.30622529054246567
0.055620847339412735
-0.2346587911589109
0.33687480707429257
0.10301780035811864
0.21683301076408137
-0.21074900842288483
0.05985623305243022
0.1888361963511395
-0.06785626280036047
0.2976848709340065
-0.33528393341601576
0.29929996693210126
-0.276462507290985
0.3339990016381813
-0.12294326208980241
-0.36630792037151605
-0.5264866463704483
0.14552870109142324
-0.12776223120961602
0.23121573671017778
0.2036989239320538
0.21384393653704653
-0.2199753149027189
0.3430754796056685
0.07911865134256703
-0.16167768031783977
-0.4406714501820265
0.2849154027392578
-0.06926586327804983
-0.4795848137409571
-0.2143267470982557
0.3038964805687143
0.4882202961758208
-0.012339059352164821
0.09787772865271942
-0.4329968061575113
-0.4871824184385387
0.3930304801199352
-0.2353488062195861
0.29465601991549834
-0.43499819342710827
0.032030482578446755
-0.31518803687055635
-0.09236124277773186
-0.30867077000145726
0.4488177267942959
0.32409392028179623
-0.43972421628872127
-0.24806099284209984
-0.3353401443296963
0.37834405982202124
0.2653659148273432
0.298452963773638
-0.2049533586526558
0.2451435006243507
-0.01656134848952457
-0.531724911670658
0.4912996382718716
0.28912958223425256
-0.4302719504891016
0.2881157232355791
0.22720419742740905
0.3880189881890287
-0.2513480555898772
0.06038358322561387
-0.34418390157149586
0.06631146687563629
-0.20653853157305116
0.2758955131368118
0.37718131221550055
0.4126321581508605
-0.3070739865775836
-0.32292216309470906
0.10454116613588997
0.3671613699091887
0.34688559893588977
0.3411691948689262
0.30616950950482735
0.009982398712067077
-0.30104185563528707
-0.30223569567263037
0.31485817810308114
-0.42905938893763246
-0.20766140591807483
0.36785650222300886
0.2744298312956959
0.25049601173163333
0.19942403394828057
0.4374005006287883
-0.4334636114798523
0.35042316171376275
0.19100856440366515
0.1747022051006263
0.11374757695201196
0.27219315895547125
0.13926748916451234
0.1835022959179145
0.08195347724966276
-0.04363382635974779
-0.11746694648277205
-0.3141700326782133
0.40783518860247125
-0.1309472604647241
-0.29228080159973946
0.1508175015440996
-0.14200481165070417
0.05049880355913632
0.1474408319320525
-0.14153090477837463
0.09743908961176763
0.3483804930564088
-0.42380236317538056
0.3219023425019098
-0.011265182971776649
-0.00808943963732434
0.25073718689836405
0.0971723586301055
-0.30151711303214773
0.297357056696004
0.35728298475653
0.37527098433910894
0.2626098041364358
0.12071329913614054
-0.4021239860636111
-0.16171743362619992
0.29203591023127934
0.4989901019847734
0.39096480875681355
0.30818263103291255
-0.40495514452609277
-0.19154940079053986
-0.13983217585418603
0.3618958919940992
0.21561575426627114
-0.28390692186891114
-0.11252147427735791
-0.08003883647854222
-0.4744567726111166
-0.2820031729382924
-0.5176726995902923
-0.2204604314839829
0.41524059238001404
-0.4194461373688154
0.04365019178995461
-0.2786859980109126
-0.3729366344499869
-0.3215155935668855
-0.17449634055526209
0.16106968934754431
0.30184815732776543
0.09248753552880516
0.05742588225371039
-0.15849489147560752
-0.21846470454654607
-0.03203228026023872
-0.06506659811504412
-0.2615664836866604
-0.3412537506653337
0.3226083233064092
-0.30156221528287286
-0.36774521036198854
-0.49504124853889214
0.23702792804131784
0.39993727575421995
0.26320424686127275
-0.42275500670024657
-0.27375351993086794
0.35855944311597004
-0.11696718614158433
0.40347785999347213
0.2116641755439478
-0.4034720856806445
-0.19165001660930198
-0.28255619553888445
0.24045241369829162
-0.38823197879606874
-0.44063760919176165
-0.23461210968296867
-0.02020285484362852
-0.1910162365196644
-0.11148498962225525
0.3882091539324244
0.021683615371768064
-0.07898790466369826
-0.09335443267251728
0.29344800276177574
-0.09682067918886769
-0.33811427859421544
0.27331452960248814
0.4825904746744133
0.01847706655570429
-0.25114704009025374
-0.45510514263293506
-0.18962167523550094
-0.10452224917263919
0.1954902157539994
-0.06112373437026734
0.302698730972263
0.10355959824195675
-0.373154076523917
-0.374492077923349
0.4146552366299869
-0.15542905960149095
0.32893163689738175
-0.040467268369681814
-0.4969548387796482
-0.17100602024456482
0.49742340054410394
-0.1696251283955744
0.24499678330868935
0.14445492589446265
0.4061719725533808
0.19886699530625643
0.04999185321428051
-0.030554450472872006
-0.012500097224519648
-0.349156784961553
0.2920800426916904
-0.3684407592755327
0.011308448741246925
0.43679486850589894
-0.4600346898631976
0.2070554814914553
0.23983320014276588
0.062089897044194806
-0.2196747385734437
-0.08445798128394613
0.24953522820585
-0.20889810746442736
0.3153157837781242
-0.29323511327886387
-0.1740313278979657
0.24114811434251332
-0.10294572615688843
-0.16350254411627785
-0.3153726961334246
-0.1892375261053062
-0.3721743746299088
0.2281017262734978
0.05097140660914816
-0.272439554871789
-0.2929621937333238
0.42379755590928964
0.4571756808326604
0.12488009022243537
-0.4715301660378856
-0.4808984949112944
0.3370405182864823
-0.08107109506365152
0.31156556566816807
0.04495140597127489
0.5427654439092708
0.2955765196885797
0.44055720873242205
-0.19592220141581151
-0.10348709193552065
0.38188986854718737
0.35614335596869245
0.4493360920703749
0.1509988630687834
0.21020804962631096
0.08699866297117553
0.294389599977352
-0.2772139146808388
0.3662267546825658
-0.3002970763943753
-0.0701673228106715
-0.14863759677728147
-0.23383177463621257
-0.37061497579516484
0.23570386561123466
-0.2296342174026146
0.10675300400492098
0.4792075768227956
-0.020330337938727062
-0.27322805149297397
-0.3414367438324435
-0.15543170243530038
0.3277453676651036
-0.34563623777347363
0.36288430016836454
0.18338466742204373
-0.056157430893424704
-0.24942327053177044
-0.06080753234456912
-0.02589595190012151
-0.0456418445288537
-0.3234406920001891
0.38838391849423176
-0.37299001802504606
-0.28390496611380966
0.3295948015147723
0.03708924911143099
-0.14334657293680514
0.398722683657344
-0.22542067636186053
-0.29041035353729583
0.3571240769920086
0.47871128771406035
0.22304103138337514
-0.16803444150178812
-0.2741655014810214
0.26155082005823105
0.3744003229268128
-0.17258054280158883
-0.19995389938063765
-0.2153528634258131
0.11247612485636607
0.004261666198125405
0.13887573179239118
-0.011761864983183752
0.0419367001554026
-0.028784219035448103
-0.24472378017418714
0.06627898664371275
-0.08732513246832078
-0.4170793719467073
0.018657088452485107
0.24565258850714994
-0.16572545899689153
-0.3286278614916957
0.24186281803617288
-0.05007769542582848
-0.012454762895602487
-0.452549185933458
0.43636528900287186
-0.12787652314318593
-0.21294705331636457
0.26611595093414253
-0.4237950078849117
0.3222130480109815
-0.03852832379057736
-0.17655161850001735
0.3412288720135274
-0.104027095063273
-0.09890231855417299
0.4227461910465548
0.2240817094975081
0.3408594050546052
0.1573953398735695
-0.221152876842165
0.22156646129995322
0.45908086038623624
-0.12471045234984748
-0.28849531305879195
-0.0780854679548849
-0.47961309220910253
0.06185761046907514
0.15776251295448487
-0.020294499324613795
0.44010231070167255
-0.009405087455774374
0.3136763039232372
-0.1150908716530071
0.01037242796212768
0.050512484121300556
0.25557200532698476
-0.4982282913591952
0.0988083708519405
-0.3281805735047623
0.42072659432712495
0.34127736787843005
0.2885895888072786
-0.192702705035941
0.19951328481131378
-0.26334708710021665
-0.08671847581223095
-0.16622964988161051
-0.07272215442391151
-0.2070427703687408
0.013305165003466499
-0.04669126764064884
0.03392090396001568
-0.06043676035397354
-0.3106925612701621
-0.07751828073502155
-0.17680002112310148
0.23311647343004982
0.2788456918872009
0.20203304325731228
0.3019565724269541
0.2913265181811847
-0.3229777147286318
-0.3995080958500844
-0.4751873783291004
-0.333618648560002
-0.27934618993803245
-0.11925953491834168
-0.1301926679764118
0.3371675055571551
0.2878790242517318
-0.11610136595272906
0.4818040346218498
-0.2788217537419532
0.08000833316288675
-0.325567634111185
0.21778046770913786
0.03181607962460644
0.17446966858040602
0.22415812031840174
-0.16056918638515882
0.4258820163318074
-0.2278338153423387
-0.42174799232482113
0.2749333629357595
-0.45562559224095833
0.19107662160741476
0.2301423999660812
0.36581697292373117
-0.2968415699074792
0.18254405673981167
0.05851632344122834
0.41590734918581923
0.3203152221479842
0.012109302901903918
0.1964129893420982
0.04816939238234927
0.10191416416639124
-0.3606403229624823
0.44421810360258185
-0.4279137914999265
0.4628624432583412
-0.29936618874826554
-0.29906857104807455
0.02380341901350399
0.10196491559599609
0.13883826016019457
0.32739875434540233
0.27736256567871825
-0.1992879869755892
-0.01793395379795365
-0.0318384273602052
-0.05688249862236672
0.32239246176552927
-0.05970862391899262
0.02269413687740285
0.028578677944015862
-0.4711145350205045
0.2622213563745988
-0.3704082648433761
-0.1670263925277095
-0.3579558219556532
-0.2538021095383809
-0.09466491556274859
0.18414248661059485
0.07694820698303678
0.4414872646699286
0.2985531582984445
-0.4100814141451664
-0.37326478535559876
0.0420770783721387
-0.03578309895973697
0.4427333791384733
-0.4533677537858119
0.30914212984491085
0.34026487115634463
-0.2516446243523182
0.31701669084527595
0.20286971766361722
-0.025103830073716082
0.4717465474478709
-0.027536788208906204
-0.10968163830666783
0.1758160488157271
0.3559019374050418
-0.06952096544346381
0.30586015367689545
0.43392613529431107
-0.18554750066747494
0.13816451937934965
0.4576794962859682
-0.04021963552183033
0.37979172934847377
0.4246933906997982
0.46063620024530444
-0.24086548475128733
0.28906461640523046
0.29427358056282427
-0.48536784969793667
-0.44942077962661764
0.20834434537310104
-0.43124255081993024
0.2280021366463605
-0.3593376862915431
-0.42533080262676726
-0.05978479350067589
0.060425655652762256
-0.4569037601621101
0.11360411016583255
-0.14302143375189968
0.1609360848227746
-0.2463961061203403
0.2523983221385242
0.45007285557663645
0.13975590356383755
-0.4563848959195704
0.4704195481886651
-0.13759830019773422
0.38594754197288045
0.4982905256557035
-0.1681176491088251
0.3716667587715868
-0.07356720868030359
0.03112518923044333
0.4226409519839004
0.2680587162825054
0.3138088214744473
0.3964162694906902
-0.153711974173883
