-0.41453710488108636
0.07268261160347494
0.4053284186320413
-0.29196878596358644
0.01974546579846903
0.283225613736459
0.4919573009765876
-0.06726247258851842
-0.41230968015507347
-0.19390836822327784
0.12952608073394745
-0.06801256273282541
0.061398506737766534
0.0904925794064751
0.2907700703023503
0.18124989143114262
-0.29840547385209676
0.12066672087157965
0.2713246495959351
-0.005096944255390756
-0.34900949974517503
-0.49789728672458067
-0.13227088781195637
-0.36445118034935237
-0.4401955072348578
-0.03919364525640787
0.016936791201025987
0.04336077111220261
-0.035313877386019404
-0.3708053424015226
-0.26532268730825687
-0.18507267725322354
0.1269064350463881
-0.4842720227642201
-0.10044545673181524
-0.4743674507149989
0.3361417733496301
0.4863673370462025
0.24064632593958435
0.49320426585913196
-0.1647271760809568
-0.42973533637840106
-0.14909688814720432
-0.35559225530822747
0.3053427733684591
-0.1707874451608849
-0.024771578755204193
-0.2375894919873914
0.156682404204508
-0.0575450284984066
-0.16708929121269075
0.35183672003075805
0.2297979182867501
0.6612367498134849
0.15459316428725509
0.5357430379283947
0.0290026118614923
-0.007519974797862305
0.4557799569117832
-0.4874537480500898
-1.4196331504941904
-1.6250974817553177
-0.7660209131818014
1.1225219732753973
1.4243508523090946
-1.035117810617632
1.1103948979333385
1.9072238100740915
-0.5252304226824385
-0.7730907178291854
3.0885324226384823
3.1168690901340645
1.2141234797607514
1.572598609328905
0.3981082558508
1.5399832979028665
1.4921957574198224
1.4367367840374152
0.44051638950913646
-2.1883394945395445
-0.7448306990765193
0.23030266514518197
0.20055137140402557
0.1260333496422045
0.1992142900483932
-0.1473990855132671
0.22050202290991597
-0.1797038869699713
0.7671679507561224
-0.78670014443161
0.5488963927915184
-1.5963407261928768
0.49166165037930193
0.7448461479401705
-0.22816180853192444
1.185966153309195
-1.3935428459606054
0.272104115981346
0.2978894432210541
0.04697638974757315
0.2471507244599005
0.7754269474173252
0.2910982608232682
-0.05982619512197835
0.7962926214402455
0.22578844531865327
-0.8517873310827289
-2.217980219889796
1.3178983318771322
-0.3363465156850892
-0.4092563581320311
-4.567684866540972
0.0832361832119619
2.5418748884240125
-0.7155188526133387
2.0095462660493553
-2.9648356846074404
0.12660747152804358
-0.6938096915012187
1.9750102050037714
0.4330572345553975
0.8195605965053399
0.2487463797263171
0.48984035218945815
0.672420735412932
0.8900469075138845
-1.042718434655133
-1.7092941211307584
1.0410837695190551
-0.41087948064737917
-0.8183988590129057
-3.1554740268115617
-0.8450065305282762
1.4987520032564934
-0.5995596187476507
0.922479655939449
-2.2697336689581546
0.15796270797124903
-0.12774981626740972
2.0602878587333904
0.18463794094275832
-0.567128850458009
-0.13939943263991203
0.4775745897895583
0.28196676768747414
-0.8924269815730569
-0.016816778798068262
0.7919693562155314
-0.4389296971646746
-0.47397313053915097
-0.05114522083634614
-0.7968162471951701
-0.15511443583289958
2.9056595012950077
0.29475018912445355
2.2183689815627528
-0.30363537072310987
0.2914371331426957
-0.4456380732620078
-0.22698490900788967
-0.45334539722745
-0.9469412682143771
0.1347043691403997
0.4389730765256742
0.08869840414354906
-0.9243904944380005
0.8227551862191305
1.3703123640833885
-0.34219572319909514
-0.11380128689329684
1.6907002092269827
1.5470767232123053
0.4649935752681053
1.306562020956647
0.2988394810288087
0.9852600994103723
1.083679880434933
0.7171589744090305
-0.1497859153149357
-1.0540406849010586
-1.3418713345664743
-0.9994140986427432
-0.5250250864725066
0.4944480371998179
1.168798646088593
-2.220188481673377
2.2278216780371416
3.0580426787512374
-1.528698774970996
-0.8740945016304548
2.427473487526943
4.597591799114037
1.4480658079160473
0.9191383927572708
0.8943041999850503
1.640741009227381
3.7228460570593342
0.6168459276226683
1.0330714983335065
-2.4078166779650547
-0.7054850078827334
-0.42633670427592174
-0.14347139814680426
0.6220958524476554
0.8010601157708841
-0.9262841042344938
1.5358587693277856
1.3331675233587066
-1.1126397864402788
0.07690863388644299
1.9056201389438787
3.375497104906695
0.7599197902127263
0.7286682744379059
0.6129224559048025
1.0252971222581957
1.831030039473736
0.37854860885475256
0.36132442292914513
-1.7532339956306555
-0.21229071591072396
-0.3735981646475604
0.26519081793969784
0.6226597339412832
-0.2146621446705498
-0.35069837533362413
0.7971084540498807
1.0684591856082757
-0.3561525396100065
-0.36330342709608565
0.8443919075992308
0.8816826756874423
0.37523191126872085
0.755787842708297
0.7003553445488332
0.7378916486958706
0.1328964171297319
0.1424508218550441
0.16385985513838341
-0.5030812318702926
0.6507695632341569
-0.02725431184801459
0.00165224669268179
0.4780416294197647
-0.022478819883756072
-0.08725074883361521
-0.5579510780500233
-0.09724650495709306
0.37104094255748554
-0.23289092778042966
-0.850899468844215
-1.4041684567672215
2.7556346322599217E-4
1.033421026721043
-0.4289397630267267
0.39668749721898294
-0.758407373722621
0.5379922525828544
-0.3877326595340413
0.9372234981428312
1.170486207359113
0.3294838235695795
-0.2408113513984036
0.09307999233016516
0.23979745606500524
0.6643146696028195
-0.2366723715545543
-0.995062114671687
0.9049848891602241
0.0680881158541944
-1.5786041638279094
-2.1729859071553776
-0.7418609022761004
0.8040248777085611
0.23433590830823242
0.3976176562826066
-1.80549076486623
-0.0910430103943978
-0.35426598042745117
0.9595301926872076
1.306628360967515
0.6056110990148165
-0.39691112379349647
-0.013942778847641429
0.3199646386401139
1.092120618393268
-0.9439310446540723
-2.448969931291191
0.5114752052096008
0.060516343167477754
-2.0052669028202663
-3.6967180117411096
-0.5900244507590998
1.6339583991762523
-0.19935317006633202
1.0203926479246042
-2.4432072736300605
-0.03798824831002924
-0.68228770136297
2.226248750042608
0.614518412917729
0.11653325540490321
0.015111190371855406
0.5741015272906685
0.38463049319159254
0.7189626521987796
0.24856281918433734
-0.4999311709410203
0.44059215038112415
0.03876563279368264
-0.8242674108542271
-0.8712460784713756
-0.5765837949832835
0.2593989323582186
0.5036437627797613
0.982163989450112
-0.6332867020709699
0.6145328458331107
-0.5298326755845013
0.18765412096094308
0.03602227514267541
-0.38636784836275107
0.4308899939073694
-0.7718703725714312
-0.32172596694561456
0.7397468082805155
-0.01708646410216978
-0.42002866538329514
-0.10888078629192273
0.6434588067742064
-0.4670160555543913
-0.7301778603662052
-0.46181207300384763
-1.3843210679470814
-0.5275274983495093
-0.4544095619670107
-0.6866679653044404
-0.3651676771897907
0.14634126767686712
0.5581191241330137
-0.30056657222910654
-0.8770571798163498
-0.34213816526600555
-0.2537270735382245
-0.5827268644896242
0.2758702887098585
-0.3432989610732353
0.4749728533054237
0.4200396115511715
-0.3370545635343508
0.8429143798107229
0.7223704883266937
0.5413166483390437
-0.8431922291819908
0.4391139698363879
-0.7803036055345933
0.19848958452293458
-0.1556221923850246
0.2520009831805604
-0.8188080670379025
-0.49492351076935187
-0.4909345890940738
0.04103154409463395
-0.14535222651263552
-0.5012964786455054
0.15099367025700489
0.3963176191385007
0.5858244463994136
-0.3409971341175386
-0.2104020429666967
0.8560153388171704
-0.17183748823831252
-0.07795969413583521
-0.7068121148354383
-0.5392590366605786
-0.07839694068651235
0.19934660133788698
-0.660929443159091
0.05496663882489761
-0.22707226630568614
-0.22685088343272458
-1.0279405531859702
0.601504257122782
-0.6774614852952809
-0.01795389313202896
-0.7690810317450867
0.41428975990541855
0.28728588136223654
-0.12877909684224476
-0.060065880610062204
0.7436604719113603
1.349120916651495
0.29467204140296754
-0.17311536854935702
-0.12677067597019845
-0.8421339138205183
0.7278201374419183
-0.6069621702661957
-0.14249738668350886
-0.3509702963125407
-1.167427819572226
-0.5690807288198253
-0.10063025654461183
-0.17461395479736858
-0.014066284096123496
-1.0162706578930019
1.0799839389137365
0.871680844512911
-1.0427716546222678
0.36118048843634143
0.8638222427060855
2.783493750255947
0.9298542545701812
-0.040032766457649416
0.4791486569051682
0.4826274437177745
1.440719236662202
-0.5570101624679341
0.31980949133302095
-0.9244046363178793
-0.9789038698115113
-1.1952072211910123
0.4319608728325241
-0.14356746511017826
0.20140318172627877
-0.4278893856346232
0.8641639623716778
0.08477467518762642
-0.5354192087690044
0.35485100526784286
0.9074931679651921
1.1961967175515704
-0.2829283783997896
-0.15284112154645288
-0.16957550292364615
-0.3748646306167727
0.9174459068348354
-0.05730323610526253
0.2671506962901399
-0.5255441221860289
-0.3725847695546538
0.25357525268776804
0.008104189475652479
-0.14546219599521687
-0.2978564330402906
0.14597009234259772
0.09630211115968536
-0.39246153195072414
-0.0429316507642322
0.6114498407571586
0.39360857998787807
-0.1435362761652504
0.06679988593444365
-0.68388349851803
-0.23294678901885096
-0.5796194612585234
-0.46587292841521283
-0.24023955901773078
0.18791013209570295
-0.3750359982027588
0.254955533659981
0.262847182238655
-0.09949142470635008
-0.7994421882542706
-0.31579126438879
-0.4290237449469313
-0.14526026156388025
0.07778799354788346
0.32968921717986044
0.20097669701460505
-0.4441138492099226
0.3118830725785725
-0.02981727985428223
-0.5676929388606397
0.003010186016759291
-0.5973036639628175
-0.0810741669241658
0.09009283461388234
0.16086981006909837
-0.23776246889083402
0.028439898406840084
-0.46471867459048155
0.3484275116517628
-0.19001583058381438
-0.13931688432002706
-0.5478892533569302
0.029511516095818868
0.07841335301127259
0.2542190230103518
-0.14568890368215448
-0.20297059124037903
0.04429772896638145
0.16859206994176057
-0.2581378242823909
-0.1622552052867878
-0.5773393634320889
0.42519947826630616
-0.5018343502890904
-0.11315848665352664
-0.23153432403793336
-0.007544760867530085
-0.5687175740486868
0.052222804293691284
0.1745660704300525
-0.7575411435097674
-0.008362046184227102
0.19124126944815298
0.7518012365302491
-0.27466621542321923
0.11117227302613952
0.4316595452881961
0.35348921066957834
0.15575371157603757
0.16612497446613386
0.3697769308372421
-0.012157867065433764
0.15017909651641081
-0.13758988848652653
0.1606552127310771
-0.24531008120664072
-0.42816027206241125
-0.3463088016912019
-0.04066885005929655
0.48510933513587884
0.048184492906613925
-0.3081413105948746
-0.028649468678787714
0.28367875788734903
-0.44101943041135394
0.21705965710533248
0.3639089635187042
0.75327938466496
0.2598555245946686
0.837794128988953
-0.461453041523182
0.7532721218613876
0.6445762328949952
0.2749462244238625
0.1050546087119004
-0.9158910561838175
-0.2546092620922778
-0.27084606675584666
0.2832854751712455
-0.07495328786114061
-0.4010997505666855
0.03726694709491882
-0.17072614095850835
-0.003391354752740625
-0.04849542086217668
0.289882519483712
-0.2279909083537882
0.5803186640062784
-0.3432055559914668
-0.9037147359762026
0.23940720687503633
-0.4319479882117972
0.465063261516444
0.013050930717921955
-0.21138329869894867
-0.43289842758748676
0.15498506303340623
0.06421488489017375
-0.24375787382251007
-0.2519510687403426
0.0352748400726755
0.13323905040951223
-0.6262668841794539
-0.37904744747397534
-0.29513559171990944
-0.015173404355042166
-0.7757820442684621
-0.1554449177231972
-0.08582465505361667
0.22966121678692522
0.023944681101206972
0.35611779557989276
-0.7995564324090141
0.09362266086601767
-0.18060840628434907
0.5422523948417534
0.27723374145802854
-0.5439414719585207
0.31418098153189306
0.08506586750073222
0.03891534369744286
0.1689531505542271
-0.06084266176139942
0.49029924008527787
-0.268449859535632
0.2815554052530323
-0.11748079549480978
-0.029620519104099262
0.12049736999520007
0.7518124873184263
-0.3258758159719935
0.13063748029506567
0.3308449068309094
-0.46700670344695294
0.06558318223609393
0.24261936618989569
-0.38734009744240094
-0.1462949382168511
0.47208215773538276
-0.08206302939454373
-0.7169662891650208
-0.48191821517684974
0.1272058599025426
0.7344412956997082
-0.22461027107720832
-0.02427454245096739
-0.388276794255467
0.7240802171069548
0.2576719085701065
-0.8516008582794965
-0.22943357249633292
-0.6331508287538257
0.614667213733938
-0.9047051693455448
0.24150892433546456
-0.6285830761307336
-0.8365011754076417
-0.02132790829807927
0.3088981694178847
0.10634400074108513
-0.38200302463997937
-0.46514974723881924
0.16131839358231415
1.018810045711479
0.13292980989349118
0.1919497026866732
0.6995387806377507
1.2475641540347706
0.40035792449745605
-0.025128548448380056
0.3401655561535778
-0.27611421122547697
0.8176144601250822
0.07571770556154168
0.35121473739860315
-0.7437541815483348
-0.32809003020426547
-0.44776525705532344
-0.214329914605403
0.44709277090901367
0.4227982249249066
-1.2436866679703937
1.3823445726932453
0.9273326867188728
-0.9915771138329204
-0.15847221624836458
1.0261736116343092
1.289382005769116
-0.042859439453310264
0.9392942367698727
0.1565614347919891
1.212714683140628
1.018039807053327
0.3742336028789228
0.22871625868101203
-1.3914236782822578
-0.06504899620147866
-0.4662218127014212
0.44234788953542875
-0.028549641353359658
-0.6652855647861348
-0.2599493726685415
-0.036992393894055633
-0.07537744265675579
-0.26584988604173776
-0.008728363043324475
-0.2174478674611616
1.4906055900707647
-0.663709419480871
-1.8278077671673432
0.14257757908086863
-1.4065118993857684
0.42473403161859385
-0.56504220888504
-0.18604985571157673
0.1943271303206039
-0.6787088360973625
-1.0005469219757026
-0.3877306525925619
-0.1062925554828697
-0.03863789940446591
-0.5892250583588856
0.23682560088913707
1.5371592974724841
-0.4206676938537929
0.09151602130028194
0.05777587555883601
2.724653122970656
0.08526177107834988
-1.3320654091926236
-0.3142100398224533
-0.6162178959867556
1.0919813900763662
-0.5761629065028027
0.22953018837128988
-0.6296825679050446
0.020471950221314393
0.030135104944428042
0.014299528106284902
-0.6530274997300666
-0.81738640651999
-0.06733246213857146
-0.30290739883814566
0.7008473680749053
0.37780559679310916
0.44044306257664195
-0.5459901756237763
1.376948520716697
-0.2481185647584391
-1.8234557329182197
-0.15410360785898783
-1.150167332293571
0.6097795720755878
-0.05879745444953996
-0.21283343591620546
-0.7269097551075668
-0.019956656675962813
0.04596420579372769
0.07543302594086788
-0.4710625735503377
-0.15041592035780543
-0.8133204962881231
-0.037052692094580134
1.0550128060760056
-0.6312875350936168
0.425061025574505
-0.2476924312937959
2.282421585912954
0.3482232722374155
-1.494718817584476
-0.19675139647057163
-1.1684507851550732
1.756870121638611
-0.07874891078842816
-0.5026300063439503
-0.8344278526398544
0.1706767340801369
-0.05542650793136352
0.2858611231716622
-5.372226735202933E-4
-0.9106605658439572
-0.2663003569520637
-0.5568624569844777
0.9494564439953319
-0.09152865285009305
0.25118057779416203
0.09060853000333093
1.3731693887683472
0.14695149025528284
-1.622244306988718
0.21373702132681588
-1.165076377457353
0.6288512823283344
-0.7401999364971911
-0.5298112013537488
0.06440246997729625
-1.0160770647494102
-0.6090530702489613
-0.3379048078739569
-0.31305848186711677
-0.18507437708267965
-0.43534341050621866
0.8481490252008838
1.857906092852797
-0.7164191890987615
0.5383188756300936
0.6280190771496121
2.382841212809472
0.3349802910353819
-0.9493954470048518
-0.16612209287840482
-0.9782163031358017
1.7174334717811353
-0.3576659393961835
0.028624921305809323
-1.4055927161390769
-0.7911897145236603
-0.91166870234021
-0.022752544078792163
0.2650088038313671
-0.12017690812036147
-0.6581954035653953
0.358186778895
1.6897858495689095
-0.5290192857083412
-0.37681969838939156
1.620718072715694
2.6670015576248205
0.23923698659742185
-0.34524592747202737
0.5986319196265342
-0.2346814084598305
2.3586843136215485
0.3032856383204275
0.5648872655636014
-1.2071524095898207
0.09470587775412488
-0.4817681970165468
0.4613812246059988
-0.5750321576224522
0.13100081083907159
-0.29365483164057277
0.20689016083804182
0.48609411047344375
-0.7177153952982871
-0.2429448788051625
0.25000300109392193
2.0215127017511185
0.05507725639817772
-1.150563710800026
0.2343503679397311
-0.759130623725769
1.388540473121613
-0.07361811283601809
-0.5774875510364007
-0.0879356437634806
0.7153426198259251
0.41913253859838545
0.6129290579961845
-0.5600707518937439
-0.3385451051573805
0.5008663258769189
-0.9009767987852535
-0.7082872527928388
-0.32564345422377994
0.39254701772265393
-1.1636787927009982
-0.2440700246107356
-0.607916246475723
-2.4234447557529144
-0.37048821424694356
-1.8902625771234247
0.16767047486369244
-0.0941146056133259
0.012334504860515948
0.7767558068381971
0.2464990287837835
-0.4341638268657989
0.7628253755025296
-0.7673247292650007
-0.09321948554699168
0.3842555716339348
-0.7023520384138235
-0.06434461291527495
-0.407520539589352
0.8121900102879893
-0.3741036951692457
0.5634236950298513
-0.2625951413157365
-1.8114022599678463
-0.3227114771512228
-1.414092929839137
0.808856218950318
-0.08757054997363964
-0.0016377608059755923
-0.2696521636090267
0.6266807274525141
0.21852286873467291
-0.1199837047195454
-0.1587315758568114
-0.17916052396883447
0.48247442526316064
-0.6079257731245716
-0.0556381589471501
0.5359910601819058
0.8679462529421592
-0.7194431287837796
-0.05357608827569061
-0.8368795878238705
-2.331320408935441
-0.24471583380935635
-1.6942350482054265
-0.2663532899359258
-0.8215575549689034
-0.23712431674890244
0.044440068063586365
0.1116363007077272
-0.653471070951991
0.4845311810886421
-0.02487240866828526
-0.24801506491671305
0.18325229290937683
-0.2841108778587698
0.2859850920023806
0.25247528591647017
0.26903277145856797
0.0848989409115905
1.5530738851147714
0.18941656609569998
-0.9773442239546158
-0.1981652631117804
-0.5012405922915952
0.9650855587028446
-0.28708512144025805
-0.3292757240472724
-0.4704532541832782
-0.10704229938321531
0.2970296951070622
-0.08760203458857546
-0.1091503350375241
-0.7910525202375883
-0.12009707598707994
-0.06594884433282976
-0.7257954046643046
0.22484893677814152
0.7481312449042016
-0.7344443011232835
-0.2348525915433628
-0.8836780535063663
-1.120480669952071
-0.14377363290946737
-1.4672672837864078
0.5158492283918885
-0.14204537089878153
0.18229008063527993
0.4759736026034874
0.3538714101355429
0.052482112995735845
0.10447224661399246
-0.6371678687511152
-0.6008551397524915
1.6964009084008766E-4
-0.9646281994899593
-1.3900807391499044
0.2726972301752127
0.3479938549379454
-1.1022894961038079
-1.416379605045942
-0.6404430801653929
-0.2577683917928938
-0.5992531886975805
-0.7175820417346072
-0.17340978237442745
-0.7544104980217108
-0.42310732638920584
0.7477133508133597
0.4608011199577571
0.3301271549784837
0.45747289427606924
-0.5504949429249542
0.20652722824827438
0.5157460003415848
-0.3419122984087747
-0.05320655917758316
0.25546645040108773
-0.01215436600456
0.06104495068463383
-0.7793249923155674
-0.4624953720055184
-0.6697753597402052
-0.29475555367387846
0.012253594032046
0.24789095190251792
-0.3829485231516163
-0.02800672971459837
0.12143886567893347
0.214145602949179
-0.1210618334115905
0.13588201054110224
-0.4006480877050427
0.03748971171064621
0.2845828629438478
-0.1798498862725172
-0.2761263038185308
-0.41468162530243813
0.4801750855204178
-0.15742954071656937
0.6473714409134649
0.023515721028340448
-0.7110816414430398
-0.4963831174890858
-0.6695333951486034
0.03638196008130572
0.1895798607390056
0.2703997939796228
-0.30499930670026226
0.14653446897419317
0.5056428150200601
0.2837979995201499
-1.2048145797823333
-1.1280016365475576
0.422182686258485
-0.9360987112927005
-1.8750618285795104
0.7535677561202725
0.6283464166145146
-1.6861552172137753
-1.6161535958246942
-0.8465038773769887
-1.798367160906809
-0.9541367898104637
-1.2958175098405424
-0.9587127351345852
-0.8222436348813581
-0.3085461805244361
0.9986634086755073
0.40132733459384357
0.48386916053321927
0.01926536018256763
-0.6988795478562326
-0.2667242946119535
0.5673175427173437
-1.0466036235923621
-1.8454417075855176
0.3515124891491224
0.1983354486801716
-1.1225088132550516
-1.7491167106281662
-1.1788978468671318
-0.7894726100450941
-0.39330490408207713
-0.6170688774444533
-1.108047464928899
-0.6515034415305607
0.15228255991136166
0.4913546006098155
-0.47600932874668145
0.3443058545503029
0.3056957651324475
0.15016878778664416
-0.5257313826414856
0.07119738744806185
-0.4070784391311883
-0.7431348494240427
-0.3225540499917394
-0.07398176434008988
-0.19295844541377125
-0.28161227254400695
0.17615874178037266
1.0044685813470997
0.19243959417760587
0.12258745095549926
-0.34744858029101644
-0.6764397777975967
-0.41236384101282153
0.3958357951713372
-0.6054977695572908
-0.6440431167719308
-0.46460037480048566
0.3287635786190287
-0.3274696058528804
-0.8672438782017625
1.011137179476064
0.9241880843893955
-0.5721849861546796
-0.45631009035870634
0.9696826853447903
0.6742432563370415
-0.007344821472472474
0.9613818186390524
-0.30965332204132834
0.28687064406113033
0.6606432208284327
0.25774418514665454
0.6040844645899869
-0.7059547973368717
-0.3146845741802199
-0.5167140512191147
0.280606575183587
-0.24270607056087956
-0.4936355449900382
0.04395963231436426
0.5017459836364226
0.10147224804862126
0.027399587309013377
0.3196287554192645
0.49791304383172486
-0.8310613203932531
0.2479582478295543
0.7505276104875563
0.049014081853707994
0.8968012047971425
0.08518286637205222
0.09441132442905896
0.1602322015473484
0.06180958261379555
-0.4423438361668637
-1.091804919782549
-0.3215045538911095
0.12404670756828795
0.09644199470091204
-1.3513424421846134
0.9931109274419166
1.1355883860971436
-0.5941307784552385
-0.8918945775737985
1.5556724600331466
1.058953753364736
0.5027517796189905
1.3324676991499644
0.721853418606537
0.5861298830295494
0.9488836836060552
0.6282473242989461
-0.23236479335200835
-1.1352438918732446
-0.5160120081973804
0.09661490007119604
0.41385789521997646
0.10266838571515667
0.11055136986853177
0.0758291008938493
0.3023430232380624
0.3542899307207551
0.32141915364687135
0.14776998325487048
-0.26253717485595107
0.24841178322510832
0.0958279081132329
0.39319183123668766
-0.21009953654886063
-0.25064159088656596
0.45479384893526076
0.4500647937112771
-0.2667864316624677
-0.11843070808535092
0.29003688939790756
0.09755209160081268
0.31075795629715924
0.017783047827740397
-0.18538034029007383
0.06643045139548834
-0.09331517585239464
-0.12112495939622588
-0.18040422210026064
0.5635335790592565
-0.34810104862772373
-0.8379366628512569
0.06287916879106692
-0.1027224685364001
-0.01671592607825797
0.014972196376284145
-0.045311559664780045
-0.33761455074466273
-0.3026424301111921
0.20844709018706933
0.40853339398160626
0.5546422796204261
-0.4298220172792329
-0.2541087464939677
-0.10639576189915047
0.2976644381320147
0.132245691717167
-0.5911664387268388
-0.26229678404536616
0.07166399689496884
-0.2715995984345276
-0.7396747603428788
-0.5155059785724431
-0.1305150098494045
-0.10670433431310342
0.3740960724882551
-0.8575345746876313
0.011699650513735756
0.19995327379002598
0.8924128072870213
0.19695228653412203
0.7063951653961378
-0.17033324544777306
-0.714728283864589
-0.7418132695850796
0.37131311639769793
-0.9464099447379171
-0.7011340138403199
0.30127661294515545
-0.11933348877105766
-1.155241600034632
-1.4710246725237706
-0.18898557340779906
-0.16781288270992037
-0.24805521171457426
-0.5086884304045182
-0.800506177592785
-0.5389492112051004
0.14942649081541456
0.5456707354945345
-0.0443589661206932
0.18798305473468327
-0.30057664324148853
-0.10635166874922039
0.3663617524146246
-0.34659982324456673
0.20966783138137327
0.06893794229588888
-0.3513707367926577
-0.7497960674488562
0.057803437780715165
-0.009321629692844318
0.06370573825366908
0.5146619820821815
0.3308012086389837
0.2686338801936329
-0.26858881698792936
0.06644919739997245
-0.3875316872913526
-0.1585357827947404
-0.4490936166568931
-0.023378743034010472
-0.25519632815085197
0.14857618586014448
0.7432240224319118
-0.012182012585205177
-0.1665952836550231
0.22960646860653208
-0.35183159024989
-0.12132791763998811
-0.11156292627165723
-0.6559524550922091
-0.07958270496928477
0.9105719883207201
0.4666547120514153
1.1118687387124704
0.04938669632231483
0.3902405756263828
-0.06128657347946094
0.4846918036579638
0.6482056491477455
1.411993280353578
-0.0776908893145195
-0.27262403991069745
-0.26420571114907476
1.3892721120038072
-1.2955349296296683
-3.1956381910821756
0.921308542248794
0.7491259441161301
-2.1601305529365358
-3.246798643117748
-0.6677648958663915
-0.5348764192306049
-1.0070127529790343
-0.6218874731917033
-2.475608901882109
-0.7653176709037318
-0.32938246708849495
1.8587410859212787
0.5720148637784535
1.1755258559087558
0.70092536974867
-0.11212330685711192
-0.33135088237554206
0.897150452211459
-0.7193591735469513
-1.9272860102163585
0.46801241225980267
0.588276142942798
-1.91331557773907
-2.3727927884225606
-0.7599513584157159
-0.008270069841035321
-0.5922564948650767
-0.01188071850687488
-2.1092023378191747
-0.2047696547993778
-0.04014546035199246
0.9893970627665192
0.24455956775056972
0.7499996627344101
0.6272027976181199
-0.5625910380585782
-0.694412477264961
0.6751663664548416
-0.7726695815198406
-2.2317142640097973
0.29168779182567933
0.5481423818828991
-1.2819183090988011
-2.475325123044579
-0.3425289173134754
0.48552632248288397
-0.7819610029102241
0.06703301520802006
-1.9440847211179382
-0.8106403740856728
-0.35703734046380514
1.7479820699532176
0.23352455651804516
0.3598897994599219
-0.05318066040188915
-0.48898227554923557
0.16197530837308777
0.7720649997464256
-0.53488873614976
-2.015272654932362
0.6841636549704678
0.14137026499219726
-0.5037433537238266
-2.244909596202139
-0.9352245129453509
0.44629543368187863
-0.7992631959602416
-0.2737037321194922
-2.367661754342432
-0.41350052741865356
-0.5267784320103567
1.2654567250699211
0.8207409778407637
0.6597281237696097
0.4573556769577027
-0.5551422438106874
0.2451666939862251
0.4218589257208202
-0.8708867584529218
-2.2251719216875663
0.05707825313910705
0.24784350706149824
-1.8106438519942434
-2.8692516516822857
-0.6294794834118437
0.6180611838258866
-0.27306749562033
0.038804717635783206
-2.4260716587433837
-0.5919008933252018
-0.5014220583887515
1.5023506660512829
0.2959152857799158
0.19420779943399122
0.6437792852973983
-0.4736995626542135
-0.4633042500576315
0.7908846172178077
-1.023153768863676
-1.9639551025417767
0.19426067121049703
-0.39391332263261547
-1.371938290151031
-2.3850010465502627
-0.5734467103814737
0.4298124133776592
-0.9723204865063096
-0.10487138480602427
-1.929121196859455
-0.6140157741491724
-0.6908195775921756
1.578885401605177
-0.06398595879061059
0.5567178609848896
-0.4083226611169067
-0.5290985136224006
-0.03428994846419421
-0.21546446205107767
-0.5429470874445522
-1.2130869114269567
0.48300556653460763
0.23808317016716546
-0.2969557636638937
-1.0789625233006226
-0.04748708312614877
0.9281228755725831
-0.5609502209600729
0.8337639777686368
-0.9786238605666346
-0.4778185992633354
-0.2303411058559575
0.0026060742458344755
0.3591925950027999
-0.12566225061751893
0.04947566132835214
-0.2446077490393946
-0.4671300165989945
0.4811418243185793
-0.21665844612985113
-1.3425316846168618
0.3274177641887405
-0.2617344249603843
-0.7604567790127995
-1.4672322159757119
0.12475045162628513
0.6055939496102426
-0.8257291191861323
-0.0034154960152064403
-0.8538182421888832
-0.6141421206840617
-0.38907201542671477
0.007487655396828465
-0.5474209655148746
0.386706020778171
0.07555649280608412
-0.10381165727210706
0.07804812877865996
-0.34010343846636293
-0.04679240178547713
-0.8221143839429103
0.4524056025099498
0.2715955304954026
-0.2770087215282517
-1.3213777787961762
-0.40895011277948895
0.09000867853737175
-0.4016058448989237
-0.17712329039821537
-0.7517122442857936
-0.4540951854947377
-0.18266936130157813
0.02101591757029655
0.08730239680399193
1.2093286293179781
0.255808251587247
-0.38647537718679625
-0.7334540731362469
1.1104261308136705
-0.4767815869280217
-2.5626587897222355
0.6487215746032381
-0.0756115583045406
-0.9281114674033633
-3.135679786948529
-0.9366853405728398
0.3576556479293471
-1.1144743299686242
0.273746283690192
-2.0973818910819615
-0.16244500921890484
-0.5240114754061217
0.9033403159010758
-0.041133222565168354
0.23216321144894023
0.09849207975061591
-0.36871092413930684
0.31707943049617165
-0.13770785018837528
-0.07094194119523714
-0.4630813717694015
0.2236958771687693
-0.15249645208799734
1.076984919470061
-0.1769833908953207
0.5525949081173901
0.302442987801737
-0.5940952154112105
-0.22701765409926064
-0.5931649884940301
-0.16649197844631394
0.011896748325581895
-0.5469939223222938
-0.021860951518956902
-0.23000522819292088
0.35904027433312075
0.01729086850781922
0.037989890387309794
0.22652601149914967
0.05845406825759008
-0.1643138070508819
-0.09635089980838143
0.421223508008771
0.1028928415863697
-0.05023590128993179
0.35170514953717064
-0.41975632835428883
-0.3945333993203808
-0.059626051197109765
-0.28618740375184043
-0.6970427621637058
-0.260704730826951
0.17747288047749438
-0.643869336092037
-0.3089366321796325
-0.07533284524549913
0.6027275619811004
0.3745815667574243
-0.44737945555493364
0.19252054470120644
1.2893559810333537
-0.017822301069337118
-0.08606445493469259
1.1136660083194738
1.25404354829955
0.7172088769582576
-0.691212450388465
-0.08263182067834476
0.3592286301272871
1.102651768909357
0.2688982550885689
-0.09179551317170574
-1.2186793178399262
-1.0453685166703992
0.007446575886472109
0.42628219532842554
0.09492833490580664
0.4499855636371313
0.012692170869090228
0.37523512844863716
0.08306975902278504
0.04787842956937491
0.17416208225779303
1.1116967999051488
0.7573342262822438
0.47972463368343976
-0.07917898068774758
0.048554705024171044
-0.4421298221571095
0.5373020697425763
-0.1460824097597029
0.3140145511627858
-1.0578155914023213
-0.2682341739724532
-0.4662058644532722
0.015585657511527363
0.296939092988587
-0.42592176267148274
-0.6039325382569682
0.5488435560723134
0.566530969800374
0.3907056019520021
0.18192735845276542
0.6848653671971976
1.0253027707480937
0.2674286980247526
-0.8976365128334014
-0.6116333710321314
-0.0838928190780855
-0.33743164333938214
-0.528732864430911
0.1356033430496216
-0.9760341156770747
-0.5527995458310326
-0.5495199801063283
0.25446646994447353
0.3982935657656854
0.1314076936643664
-0.4716572587424753
-0.3448142052240529
1.1249455730673825
0.42632785833998627
-0.33791864389207826
0.5304820589296299
0.18867075924434445
-0.22523571199657746
-0.9981953132337491
0.13002821880674795
-0.2922653735056964
-0.09763284087010565
-0.34757155404515416
-0.2066814598136232
-0.24752468427971752
-0.1941174184990619
-0.46574901846573113
-0.13065891261347323
-0.43702268810702016
-0.6067806398295944
-0.22735057011441423
-0.8430121984752362
0.6964236059732247
0.44030179963858446
0.5462824530149546
-0.2757681374490844
1.4435233560105794
-0.533591704827274
-2.873896078380688
-0.09075467988360833
-1.3117388654262059
0.34268697252558394
-0.28996195667342634
-0.145048959005838
-0.22304261705120082
0.002336928581625778
-0.24233125459166513
-0.06569694559713406
-0.14042767633923148
-1.0752438427971132
0.6627717079353561
-0.643968206505209
0.7998055161927916
0.6288503054504909
0.8841014584077925
-0.1815451757930437
0.7514059779013155
-0.2969450356996572
-3.198697077102028
-0.1667227419170484
-1.8878022309033822
-0.06389899375560189
-0.46483200998625257
0.14458541989924087
-0.5609097358034837
-0.3228902736397483
-0.6536972565928495
-0.20196769720371016
0.31559222355540817
-0.6060038579901111
0.09566301446871744
0.5345849695112167
1.5464689624034322
-0.47459740968251496
0.10894564831370362
0.8760396064922015
1.6485017820269405
0.4460746591149692
-1.768689693252026
0.5702235049177148
-1.258567115087439
1.6631380494457872
-0.5167379181789503
0.5721004804941052
-1.0027642750401988
0.39146017110664344
-0.44964017175787774
0.06252146341375084
-0.02884965940397914
-0.0927846326333752
0.1999544730372689
0.23590620807913
0.9953614070460661
0.3880857750939081
-0.052444698108999085
0.056875502603998034
0.9365579131241447
0.3788098832425153
-0.7903326191938106
0.2643770910723667
-0.809799470056352
0.021734317105184146
0.6488491747374215
0.019242096845027628
-0.16652118972657115
0.840243367197535
0.8858502265494066
-0.2386914335428054
-0.5573866861359476
-0.12869442121873845
1.4617439193241868
-1.3016479449934246
-1.4682795736569885
0.2076289693460949
0.06677872835708887
-1.6863787130203296
-2.567534464095552
-1.214213401264282
0.08673383404793328
-0.1185573454987347
-0.557229366896786
-1.0496125416200208
-0.04922013520750271
-0.4976532998282932
1.4823309280832968
0.9452827515024478
0.8881243213074618
0.28708182986401876
-0.7070655884088491
-0.17094610030094234
1.6168300409838277
-1.26004561907266
-2.0062723703523835
0.8537845275392695
0.28634837676461916
-1.8166544432012646
-3.2068428589422138
-0.9027093431439499
-0.4846538693277978
-0.7078786317059699
-0.22577069136499217
-1.8276651403080515
0.02910637497351106
-0.6316454503071595
2.3033896204346753
0.7951390655783298
1.1315782570724224
-0.044374390061176903
-0.07377064765109478
-0.04229784067952179
1.0656454757744782
-1.2532579012433507
-2.834099834492961
1.1164993993148675
0.5394945911603172
-1.743354915698468
-3.0091243378840447
-0.5425631526620007
-0.5082658754978031
-0.31921287342095794
-0.6287756438515549
-2.5057421839264866
-0.2992973174603658
-0.8848563832852678
2.042693949298111
0.8169987859395031
0.2605160727379105
0.08232511835539125
-0.39904420673407903
-0.5184010220725667
0.5750953566580335
-1.072825635332885
-0.7420619829030416
0.5784738639743083
0.03232915328951611
-0.6209225245272573
-1.783467877717886
-0.6890183512800838
-0.5606086918146561
-0.19564765084236374
-0.6065529734484496
-0.8237733812833612
-0.4944445649379905
-0.008447200531396375
0.9229019771974974
0.2981170874343336
0.8580700655253535
-0.3670146500910347
-0.059808078800072724
-0.2031972352626784
0.6715834931016998
-0.9749387028492092
-0.5078378664939692
-0.21129462340234778
-0.10746188167554972
-0.48285904998864226
-1.0924054900761742
-0.25610834811104594
0.07777249293975572
0.004629290573392704
-0.4278046335188864
-1.061961012784378
-0.05795816227143008
0.06284034236195078
0.39412376399050086
0.6812537054830016
0.4819349302186203
-0.10985020169894362
-0.20042394744057265
0.10120846911637679
0.4400297433491812
0.053008961529623075
-0.6013139311784659
0.1323389464938278
0.18524328629358108
-0.587166531299596
-0.9346850733448028
-0.3929464583823301
-0.2387221374740641
-0.12668714955668206
-0.38830828914589727
-0.5502219190034763
-0.32841108179760603
0.17046777415534775
0.5427531303720765
0.526672618849917
0.30798913204393225
-0.029398478634807004
-0.36215519781708194
0.26930553841478627
-0.09853616661489822
0.13041218114518607
-0.22792337371893318
-0.256236955815566
-0.211691516102357
-0.47142543418422406
-1.3105413226422957
-0.23775614124153474
0.3235282152033656
-0.3544375704510062
-0.21530695673717629
-0.49455637435775046
0.34740403609308457
-0.44289041986105787
0.4758036797266362
0.10424827906724894
-0.4656443264492591
-0.30676283101767954
0.31803607687595575
0.25603352528622947
-0.48235800688685043
0.36398221483312715
0.5876918005840958
0.12664444425026924
0.24209683828770326
0.6207880126601358
0.7026614586380644
-0.04368194211059339
0.31635056398448175
-0.1002713995014862
0.44585774407200124
-0.18661289355239305
0.6236442649227264
-0.16566607906618314
-0.15046823273730187
-0.22007343764999113
-0.3529057462203151
-0.3552195137676984
0.4193168557080985
0.058253622093295855
-0.0908537898390396
0.4310705228123436
1.4171559247251562
-0.6196307156820897
-0.6728241025827086
0.2417074934958583
1.0266848868532419
0.2714309945692102
0.7077658542597398
0.7236768677555326
1.1709179967341956
0.9039319134420981
0.5448149586991937
0.5965507939334435
-0.829228998458554
-0.9580778259073531
-0.5097175754298771
-0.2844979932721253
1.0676498895938686
0.2357144324381385
-0.6486946346286677
0.604073624314793
2.3836239770006147
-0.15180564761612644
-0.4411783079922704
1.4881295275749487
2.315550510677645
0.5882280757837406
0.3746028457101728
0.3084086232511086
0.9967646939896357
1.5348479972164655
0.9010350402263616
0.3290813002790058
-1.159916092309498
-1.16814754653633
-1.7704072997760867
0.013945765343051546
1.3808649615262276
0.6669375669024793
-2.0424063209649717
2.178501900510932
2.869440490567706
-0.36251685580119036
-0.5493716111855019
2.780370624164041
3.4156416816448365
1.0517719618528258
1.5794383127840783
1.4280911848894486
1.762684725031567
2.2832433412419575
1.1800607606670368
0.48310237706207
-2.0930209353996863
-1.0422633939501351
-0.7325801011897579
-0.5171837935372979
0.5523877290421888
0.6674577833098444
-1.0733948166978422
1.319086563091545
1.819124518533592
-0.6793335570859415
-0.7684183948540962
1.8888296942453693
0.974223907602932
0.8760999775753836
1.6363997953183367
1.0139688038190116
1.552877510622918
1.0346482031819952
0.9578208457885115
0.35183852252547804
-1.0193222345100923
-0.17047590663268958
-0.37412059529601854
-0.7591693282203981
0.507723662529528
0.5738552986116933
-1.045623383463669
0.5686740136729126
1.2995571132188124
-0.30756393411592853
-0.9338324857207138
0.7506427191377844
0.3660606054914671
0.34392462607854596
2.083256463379216
0.5287736431018784
1.8458723005596862
0.7205214070178693
0.9885442770394727
-0.14093655329798055
-0.5452005259038951
-0.08858543111102858
0.36811890484628046
-0.155429725097327
-0.10629180041299822
0.07010636786907444
-0.29524385950509546
-0.08305224547549997
-1.313883752631257
0.03063252918085899
-0.08491796392186717
-0.9924851814541382
-1.4341885321321899
-0.5365127473656932
0.9412041822968099
0.03008832126278224
0.3657048896053083
-0.5401335356752474
-0.06392363868867541
0.07847291207312805
0.6068541669898487
0.4974573424580624
0.9680063937939772
0.37927665754633694
-0.592640779456584
-1.1286269624867076
1.79925297814041
-1.2383573833063097
-1.8165525990837437
0.8979213269649209
0.42450581898714074
-3.0922933261745422
-2.7152196506155857
-0.8721332569765808
-1.753619553676038
-1.137800679938708
-1.367385185088887
-1.6924895720505504
-0.3640745798308424
-0.7943742433085124
1.5027494581267933
1.4439555486681226
1.1166740565263906
-0.03880309168727464
-1.2678821777344051
-1.3199935611954219
2.221607851035779
-1.9103241280799002
-3.6292634072013428
0.9145057266489474
0.3056736937965939
-3.2621498840803373
-3.3474649203106113
-1.5736869446939548
-1.2184544910623702
-0.6469962310766056
-1.2919241660270693
-2.868124185447305
-1.32677218565789
-0.8523747631580123
1.7466823155518392
0.278303609103111
-0.09586049007624893
0.15715019258600083
0.2172436704942772
-0.059424824413660204
-0.32527709274404676
-0.28413723790247586
-0.4094663202981691
-0.3007204006295482
-0.2298906478653722
0.19334412946449306
-0.33824928716199093
0.13352686325917776
-0.14369891668538773
-0.49570203929357076
0.44805930844007447
0.28593936208314247
0.09340475483188374
-0.21443736124840662
0.4431195369460954
-0.319985162119588
-0.14226509674151555
0.4729827542787645
0.12591653724836777
0.35249934681422007
0.4035346879532089
-0.3719690429338809
0.048868845699652885
-0.38980982035001327
0.3441931424314666
0.3096963047149694
-0.1451719471420509
0.06341937592484698
-0.37028125375242116
0.4757556284414815
0.3846992591972125
0.10328989202795552
-0.21981450512111345
-0.23747957944999848
-0.035115606814768274
-0.2581705892769163
-0.35134099635765614
-0.4181907296295274
-0.3402482065393134
0.2239597410055325
-0.41326894672936676
-0.22650556341405714
-0.16830269936949227
0.2198943545849082
0.45890232151483595
0.12058532784777248
-0.22901773981367635
-0.3881685224693509
0.43789299222057854
0.2382349680113085
0.07424099841693577
-0.07991999959362417
-0.4566274928251771
0.09753733246550012
-0.4770263193337186
