-0.04375683037640221
0.4910764025841281
-0.42087157368188105
-0.36086258330239807
-0.42162396574430777
0.3601602197357419
0.37129356872684266
0.13899743404152382
-0.24434257527428938
0.4182605271590718
0.298829359265626
-0.16528772422509752
-0.031111915059694517
0.20440427864200483
-0.21561425523662997
0.28354014687139983
0.49945339596826827
-0.07295617108831715
0.48134337371008495
0.36064427249066555
-0.37930965167662906
-0.16210851139514112
0.3261913929321246
-0.012320975974593203
0.34973078811418257
-0.03381377145157152
0.37641157894681954
-0.45557156651691705
0.16551551705584916
-0.16129199065185942
0.48828711768082306
-0.16184267905015193
0.14516833721349498
0.050319943165044505
-0.3477126303953964
-0.45309437376301176
0.4266428499293121
-0.030162347873886514
-0.19326172158776692
-0.2771809798219865
0.3467094631422915
-0.3918631214189322
-0.06638252402556162
0.2944385018419701
-0.5190926883891898
-0.4205323884005351
-0.13569567271480337
-0.17023805268708617
0.15344167116453963
0.00512490165671078
0.3688963000484864
0.20746410745587915
-0.043412946523182235
0.3926903798028031
-0.34003068409241655
0.5042025916467009
-0.21606437462747896
0.10883726554869094
0.41712295024980867
0.022476784083969546
0.012139535977995244
0.13388408660934908
2.143540900344362
1.682185677329971
-0.7296391230923409
1.6757742542317613
1.3246061719169773
2.3192124122136795
2.5196404115852467
-0.8404018204336752
1.5091065506835672
3.0117549758894864
1.3299653745766442
-0.6228089576438611
-1.2299720054461967
1.1516430721970612
-0.2480032908615879
1.6404340317479593
-1.2026578656251499
-0.3485761793452105
-0.3135710939396466
0.10661190369552237
-0.012476824548015302
2.001192993303314
-0.7330737640225548
0.12869756088308001
0.13717644109465296
-0.7039687450489135
0.9125839763699174
0.3182336306427432
-0.08842960051669443
0.2565420325779209
0.7597237128394823
-0.03652784086101864
-0.9361691878132656
0.3964097797934758
-0.22422971303443093
-0.6958071704905104
-0.9088008213779674
-0.5847489629050051
-0.1985203418868943
0.0759307503402529
-1.7721994349803576
2.4273521392944217
0.08193104351115084
-1.1512550302481244
-1.083613981921692
-1.8845709122887346
-1.2405219761275408
-0.0865203646004855
-1.1493546801726537
-1.607053392415353
-0.051990165566328114
0.38980501585430966
-0.8325153041390014
-0.804581319340078
-1.0973423976921701
-1.6912461630910407
-0.5169033489299738
-0.5199322606742877
0.2106920933030464
0.47840729199461146
-1.1731023164171275
1.7664641494590565
-0.3806793797564121
-0.929507078720656
-1.2960309945535984
-2.0320066802055274
-0.9694132747719258
0.14424327396968697
-1.0813346454106203
-0.8858469308753548
-0.6964346245368785
0.4941395397963009
-1.1546063213774689
-1.1249071631359615
-0.8601798245285389
-1.5663880823064487
0.23822939060629908
-0.10914246779298259
0.1291382683628495
0.14798971506270028
0.3576969261597253
1.4637413304843188
-0.46675750527795035
-0.324894612070547
-0.3613554068739796
9.122259129583977E-4
0.7401172096048073
-0.3886960990701862
0.2858871842705221
0.4965824559221173
0.013315844181648835
-0.28797980245267873
-1.1115601013717236
-0.19605586368673525
0.04139447599765068
-0.2299357315156887
-0.6553937326649957
-0.1664413346491416
-0.3010284605266374
0.38666503573637057
0.5083608227717891
0.7525414930022127
0.2349620068692048
0.47144798515939834
0.3610695981234622
1.180505536269443
1.1037012577793681
0.13349298515350158
0.4997314254266662
1.2334684252786907
0.07067537840148776
-0.20186436162601065
-0.8099017029600385
0.8944122980324483
-0.3236623880298836
0.18092665602942073
-0.10568964418095984
0.16528777505469222
0.5173740207514311
-0.3524529815882105
2.2766495585586686
1.1143518572846787
-0.7526278390679022
1.6610134227525895
2.2547630013510354
2.746744634830776
2.4000080206584715
-0.31940976024471857
1.0380563989656175
2.7310209963945704
1.299803267032024
-0.013496582877899219
-0.012213948685592568
1.6808512793721768
-0.47497887259442567
1.6009753245675702
-0.44033171245394376
-0.0198038430538565
0.1595865839949414
0.009209865923318161
2.1695942324171567
0.4454557028347082
0.32239669101293317
0.9240471222387473
1.25740197803393
1.91872553081494
2.110116954368937
-0.35219990353749975
1.2309844053778847
1.8075461580659913
0.36639790348856893
-0.5787829506164107
0.20932548506086654
1.2917722156176743
-0.5443769497024327
2.029856353116766
-0.5547243917908024
-0.04596286310012435
-0.05879140047438787
-0.4989489098244862
0.25265998738257794
0.7104044474495804
0.3349982339310934
0.344958044823241
0.08522942870833382
0.42540324471933194
0.05459425376156234
0.3164860527048254
-0.07047615355542723
0.9067506602478568
0.6633463326646842
0.30502814738122824
0.20494435307571435
0.1628011529427487
-0.1132438641709456
0.4696288511427008
0.02852792371213854
0.2806975536837621
-0.4025154344070805
0.3524755322506199
-0.3559740722933852
0.5111339543134502
0.29022223085865767
-0.26068466843684357
-0.1705140397097915
-0.644843657905106
-0.5136431157122188
-0.010143877623439311
-0.12889287937281385
-0.3718457604601206
-0.31716038216875336
-0.11289252760911829
0.13841543051543403
-0.05986452493486146
-0.08597862300859069
-0.2300865320407363
0.6423334874005648
0.20079618865064974
0.1499234652525901
-0.3521165646453093
-1.2487454947298746
0.316417851046757
-0.227698233035541
-0.6524910419272534
-0.7147465675068029
-1.1406434652003037
-1.2354778359967162
0.44290445044562343
-0.42312977982010613
-1.2042366983213368
-0.5390548761571919
0.18308609693750136
-0.5572115738131205
-0.8318634464292951
0.15267899520133704
-0.7036398861646638
0.3304817772806911
0.3447739051951527
-0.4258877393430358
-0.13044054188489315
-0.7366614167220714
1.0674854500797155
-0.5137967887468197
-0.33733352420165347
-1.0667857575262594
-1.6554888755674666
-1.0934515086675152
-0.04939295054421667
-0.7601889292430819
-1.3010488850460558
-0.2949434274140411
0.5103045179488871
-0.26993109310711155
-0.43262298037233454
-0.3082504577960963
-1.0726907452266197
0.31967691770478923
0.3414115525761801
0.017002356277759468
-0.26072738345311103
-0.3814720648767788
0.1802434341844896
0.1353915233377609
-0.42683009900604785
-0.03758825751102442
-0.34970439651118573
-0.4785803257710348
0.399833780441425
0.13450623005753687
0.29790856076418865
0.26993759187363664
-0.46004570714937215
-0.5897003450722145
-0.5804170300628304
0.007988348770827464
0.2926822894038842
0.1965672322387518
-0.11770082153288978
-0.4623392731790722
-0.1928134164890366
-0.6402782251823027
-0.557463878307739
-0.34393781387827893
0.13887596425496518
-0.4536082364190945
-0.8119026230914347
-0.7038491694646007
0.32027137917591
-0.5983042711650928
-0.7407172064242714
-4.2228348021947386E-4
0.19387400821891146
-0.07882085080293284
-0.6518321965648408
-0.34591327590060394
-0.29328036211769076
0.4208904469290945
0.3852934940733456
0.048365751608597074
0.33151609708034196
0.43318149411040674
0.27029972100069083
0.12326753387337927
-0.26222685899321296
0.4111211348552833
0.014923553765522091
1.0034060140108643
0.28575641616537534
0.5101535648883693
0.8476242483331818
0.48225110814888933
0.2795821412055539
-0.1866771369812106
0.16267965394558356
0.05646780633731059
-0.14478267455666427
-0.24823400387917152
-0.40778418631279173
0.3532890483950502
-1.3482182731527634E-6
-0.050143839668091474
-0.81729829179552
0.022523959780460148
-0.0864462626797196
-0.3309249380643887
-0.36783354901718895
-0.5308387671834627
0.3824737003842068
-0.2090235234157214
-0.1082453250149133
-0.40060685125978196
-0.4334405299464427
0.2857867115115766
-0.33166438432659756
0.007819717251324245
-0.09507887825448562
-0.6602349512434287
-0.32627133273930203
-0.38722990913727
-0.3938422623923731
0.6992951342056295
-1.1400627722893408
0.294820283586155
0.3420363885619908
0.4422977496736186
0.6530598582193813
0.770687181666815
-0.21406149072994596
0.7093313821935006
0.7421307207988865
-0.36458058125901655
-0.2676283228588468
0.4832422916777366
0.08279740221349782
0.2568416396690359
0.44495962007279216
-0.282496912721751
-0.25869226101476067
0.3230555988436226
0.5034723940237898
1.575094080341598
0.2516702656086588
0.08348760183110152
1.247020462077609
1.1118979413161527
2.127084577272024
1.1378132365616276
-0.5327724773446496
0.9160919096003025
1.1299138977873107
0.48918814591855503
-0.17788845607206197
0.30954093680235684
0.8994377256176842
0.531648067635119
0.9901327277971304
0.05488610688999942
-0.002945637003172301
0.3565200683697491
-0.3818990595020539
0.70580624798189
-0.7390980582986512
-0.22657144385184796
0.36425573218760554
0.8328403828323008
0.8322594781329485
0.3447309384995772
0.3105820041927693
0.5782442100087734
0.9715662144376747
0.5178548492774324
-0.33538952698618935
0.13464480495029876
0.8737972818531361
0.07551157232527181
1.2948699191046396
-0.3429468460395791
0.6491958566250303
-0.4237371831699445
0.11142377813750319
0.42449614232508615
-0.7901627417999181
0.611935677158448
0.09798230792808979
-0.032050074445662685
0.2044830090194354
-0.34784624110647566
-0.1941429565444257
-0.29599785608559254
-0.4534425922907504
-0.12726410340410632
-0.33743602544200224
0.8503527157636109
0.5161262643225616
0.6959961507347782
-0.1880460303261981
0.7338574995374638
0.3492249569020243
-0.07648366710474616
0.24025537823151585
-0.04316828289668852
-0.9051756731271972
0.007412573330177661
0.11941295474230795
0.43286540859769157
0.5929393479293872
0.08046996734575391
0.538953884896218
-0.1243725260448696
-0.42344457075260034
0.2115252304149368
0.036237440707369166
0.6274158021884189
0.006162116396939893
0.6180725758800603
-0.006673147650123138
0.4719535464292489
-0.23729622471383813
-0.4046315151376659
0.252034130472996
0.18247348128794938
-0.9745157674617306
0.42881279088307417
-0.25488074906012254
-0.2779800383874166
0.047664873937402784
0.08962974786104473
0.3362130281469514
-0.21203069366908564
-0.08585914895665628
-0.5717923427260495
0.3553083302024289
0.5094628269093355
-0.160250564665628
0.06790414909640147
-0.08486387356810728
-0.19577409664638218
-0.08072964760689363
0.18287965047608018
0.006406368886743797
0.33770431354201114
-0.7225950249747385
0.25448297013923177
0.009572039749425047
-0.023838618647599494
0.08956979003531329
0.12356353392132216
0.12661735127509913
0.26940495632958517
0.5327273074895437
-0.3992683705437374
0.40820291821062954
-0.010745147587170942
0.5991435336391646
0.5696595754996644
0.06555513582782092
-0.38303115101025303
0.4025605570557277
0.2738997424923958
0.512971255892375
0.5301835435802876
0.7444339454051542
-0.3387502632727073
0.702601185885039
0.9254950011326659
0.6942701573529307
0.7561599194630065
-0.15027777648026217
0.37246978213365856
0.5001730362751136
0.4847293442976693
-0.359928402982361
0.4262782713052752
0.5408658082979926
0.42049795975526
0.028880616515004707
-0.4305181000426612
-0.35435727159152913
-0.25347750564517335
-0.376228692926743
-0.24115567113757505
-0.5114435457027386
0.20701136047220134
-0.2875107660992647
0.00926725697695316
-0.331850288726902
-0.0990608926075434
0.5886300715323575
0.13843316024574445
-0.13712639036102342
0.1480144434972264
0.35818002040713415
0.027129600898243466
-0.17024331710373447
0.5635820344868577
0.34927745803618815
-0.07749608401437358
-0.12210468882797432
-0.5534413410973958
0.046509775771655444
-0.2371648821198153
-0.4291767234015057
0.4184966160039854
-0.05093030091400149
-0.4056567418519147
-0.6441622359860063
-0.42421807351238605
-0.3079621811406475
-0.2957834086384993
-0.34484991124280834
-0.14592208867446219
0.3457885965355316
0.6134230425111686
-0.3887173145616608
-0.07361504940454064
0.05498447473674887
0.6147602511966368
0.4251410499394988
0.015319434515934434
-0.25934619642234513
-0.5570690343685244
0.1703176302876796
-0.12567670204052053
-0.3193155087006184
-0.054888070288522335
0.6038072346832588
-0.39202684432687257
-0.4616332131508793
-0.27850949857693064
-0.11837463322149079
-0.7798556050832121
0.462621762468202
-0.0014060823477654997
0.12227664573154803
0.3493326689551714
0.11077348287639398
-0.15516272244424373
0.6421775480079923
0.24637483434589483
0.29130358025220715
-0.3946170562309786
-0.23230742286799405
0.394043384702162
-0.3166900852502604
-0.2818796799290707
-0.13336130553815664
-0.2522441679888952
-0.10441740131209337
0.516462310012451
-0.5149422613440621
-0.09967076473052339
0.4693310212475905
0.8324862096166469
0.3762661624705714
0.4021300721105156
-0.21618547601282778
-0.12494472585710908
0.3129378624493929
-0.019034856684352182
0.08173782317971108
0.7545136324248594
0.2124693919183262
-0.2904585851931291
0.09853650150547968
0.41563978362472265
0.4429453327391831
0.3236009797637185
-0.6017455973192497
0.5975065160111542
0.6720129011629715
-0.25288981252928544
0.2846042960990312
-0.1005200548632464
0.6250813734163515
0.12950445810391745
0.825867968595306
-0.5709974964147552
0.36538943178709715
0.3353771088689913
0.49896122255487846
1.1189067658864098
0.6285312924067309
0.03256054196521822
1.2309621761117597
0.6487778895230967
1.3175135822320037
1.6144838507029118
-0.8172429601251916
0.48759809788713543
1.050442138476242
0.8356132291162602
0.08043508592666586
-0.05610852530687818
0.41890885330606425
-0.39927260323383346
1.0437368331444372
0.02789366986143399
-8.439476877733212E-4
0.2942839839621592
-0.18963737978341805
-0.31750481347075515
-1.2968899308844881
-0.1878293749670532
-0.11509165492643311
0.7079365083995106
0.5223470396618354
-0.12448983558616869
-0.5177365777666819
0.17128327194585552
-0.25703301917395033
-0.8147324640414862
-0.3966949755605675
0.1268754624503622
0.45390689310112053
0.2837475020435842
-0.054484004215661665
0.7348179735147735
0.10464746120734136
0.26576096699351737
-0.17831597717218037
1.001790013298812
-0.2625004357313853
0.4949787839505918
0.6079534612000109
1.06533259498162
0.9484644341640389
0.9969501796075927
0.21964021363379516
0.655863394554466
0.8345457713132151
-0.1511041299468938
-0.28392272773640165
0.8241054600861035
0.9691230356829028
0.3280934281904067
0.8075880031506982
-0.034640840577100464
-0.1317439153198317
0.353676215376606
0.5132104997585771
0.26764785694973003
-1.4444948779006772
0.28905514516462844
0.2468674958396328
-0.07024935786564754
0.5271795042716165
-0.14616863850194475
-0.46244067126906224
0.6269984349169961
0.3629252343086042
0.12296925045523957
0.48863644728691036
0.17354630491842274
-0.06653872539429452
-0.1347121503001067
0.2593541843908966
0.4439463730005723
0.4436152172222556
-0.1548710097696488
0.4931606660451152
0.9610459251396024
-1.132398225632549
0.27911433266189456
0.6224644559780408
0.5604384102445051
0.5982539697171161
0.23138719671814115
0.16614878222914298
0.2313112189311627
0.6721415489472564
0.1882625449304339
-0.1884902216018908
0.8720298685889009
-0.08146525982686165
0.4763125662759458
0.21748803376214046
0.5800600573008512
-0.2650027969061318
-0.45241630298571783
0.23221752197329673
0.222787079139912
-1.423056183702478
0.6140135836505051
-0.28200481197258975
-0.014089186120506471
0.916670973736527
-0.10865804904710308
0.4452340254512138
0.4978561340125738
-0.18507579547272104
-0.4339351150377726
0.31674964485338514
0.4996671263194781
0.07586445064447087
0.5520656556852633
0.7669468894829914
0.0709511328897647
0.1445194890401084
-0.21146789674679298
0.3947102285449447
0.6958617445928074
-0.0085518733355351
0.23990391711484166
1.1818392914877776
1.4752534739058827
1.2412135219440557
1.3517070616706568
-0.4439846677187499
0.149513344481532
1.3160648332644516
-0.16046048565314447
-0.08604882383301606
0.6283097521764394
0.87132537964737
0.06189821725428979
0.890683122356992
-0.5328576593981948
0.2565837835085968
0.3629631460271094
0.41981832751745335
1.7167669534469774
-0.13800388531656904
0.48010043569882266
1.5781807954265281
1.0128523834028922
2.1908147931346598
1.6901170021580718
-0.2260594029552075
0.6544710970815251
1.809143783648293
0.8511573042366668
-0.22626383637425712
-0.414732012247737
0.6378823895952506
0.34837910371714514
1.2358729597333942
-0.6049474395718538
-0.5167743665156057
0.07681747651351369
0.2569320919396054
-0.07688395913840272
-1.2981888066562048
0.6604283706885068
0.6732793849122705
0.230048166121228
0.38628910843024006
-0.059137445153959585
-0.2836172614901348
0.1662321998780491
-0.2412460691010424
0.18491802101547894
-0.10852040060334575
0.5406133092673046
0.45754838425136246
0.024406719064685934
0.7427282585686951
0.3874524382023889
-0.27574725155645774
-0.5519703587258743
-0.14576816018175423
-0.9140759698558979
-1.7606264284723045
0.8393856344359865
-0.07081465685322554
-0.20154965235214206
-0.5730315974042128
-1.0090275201883643
0.12534436419195724
-0.51120050938006
-0.8305299777364265
-1.0852415913364652
0.11429924054018534
0.3522120880011692
-0.29710530934053764
0.9173218079838334
0.03203293135966923
1.111025689729783
0.74892516741246
-0.5241518105382724
0.06130838757941286
-0.3105547761058342
-1.944422611297279
0.4856175836101273
-0.4470288289429155
0.08096590522181697
0.07609100198388977
-0.7889044102592683
0.269119270972674
-0.04894497780049046
-0.8656739312536091
-0.7880366247725036
-0.04350923589751542
0.679427084831464
0.14339274015472422
0.8033644290778811
0.07619083275796071
0.12371483114282526
0.45959486165216046
-0.26699396416750293
0.189478148215646
-0.6415044263617681
-1.994046502580309
0.3180459246503538
0.05758020957416015
-0.05020525187733126
-0.014533695243522106
-1.0623698108835287
0.15499610520396626
-0.2906830860480128
-0.8807138213324808
-0.5306152228578629
-0.3162839530223825
0.8533707829458895
-0.05810881032267468
0.42454928043359114
0.2405438084065943
0.8547732327255508
0.25303122788042187
-0.011678265507972624
0.47166508678009555
-0.2108131288415503
-1.2371865438879615
0.249840090931202
-0.2899316654218934
-0.027215841979082268
0.2722536881230885
-0.31076319751221
-0.02207650664629802
-0.07682163454354672
0.034651453334143864
-0.23718796893689661
-0.2113684159272824
0.878136174483895
0.29809127338755725
0.5455311861898907
0.5585213258636098
0.09340918405323861
0.4435662920316544
-0.41018612870873855
0.07333602492695857
-0.37240113044621087
-1.3911271604099351
0.06270061059442462
0.09976266783783776
-0.16835662516577182
-0.24281262648660284
-0.274214073596341
0.21495349595913307
-0.1824483930533208
-0.8646966434026649
-0.17004911784799964
0.17646816835289184
0.4192356661481948
0.22381533905508186
0.5709163147788741
-0.058496149571935746
0.8192132970049346
0.6065727664405495
-0.1586379697003613
0.34663779694947916
-0.7054947400452894
-0.5799679762874652
0.022076819609077647
0.12158747575316131
-0.8044499244508311
-0.21606653899191738
-0.2937093547265573
0.0293849783125713
-0.7826760119806877
-1.1594333103519336
-0.3383142000634782
0.07502776747792055
0.6258136605938659
-0.725273546496141
-0.13309667869745428
-0.2552034230859743
0.5191746590324352
0.4239983756008477
-0.15450517030371247
0.3961195333365924
0.1073172900427019
-0.18634148862649091
-0.13924694099688922
-0.014606139240708735
-0.3404646713734599
0.297828304029821
-0.3669936985447901
-0.011793302728446062
0.06523516413297144
0.18681646537232413
-0.12371162376980432
-0.23165045789013597
-0.0633314017243135
-0.5979171426768197
0.3477537727842997
-0.30905471632338083
0.5715175643287399
-0.1543432713809143
-0.13699060437076807
-0.006770741205483827
-0.15766717842414912
0.06238610924835284
0.5432393738827912
-0.2242187837664956
0.6696666538313831
-0.21575245374261912
0.042013329749046334
-0.42546636427646106
0.3460340754165467
0.039157199898010434
-0.4133172493082077
0.008787149121039005
0.48259219309647855
-0.13531803560834468
-0.046610124295479886
0.2510518133734378
-0.04405706128536731
0.3800592818056265
-0.379430201905182
0.24122629361584882
-0.9140217197570542
-1.542096986555764
-0.19664346166849014
-0.4573953253246126
-0.45173613829925874
-1.0755903825017603
-0.7236756222368971
0.042039684799290274
-0.6377894674348183
-1.2349162132836882
-0.8940757542208971
0.6131773288278962
0.9188340887358539
-0.9115146644242224
0.6472845441230483
-1.142777629288035
1.0396826442262364
0.23881072317163202
-0.5919929625707395
-0.015119863859510238
-0.5462095057224152
-0.5310509676124827
0.3535460458266432
-0.5370932473163644
-1.3918618852624967
-0.8069415947156138
-0.9228235363544728
-0.15355175569520915
-0.1349466628203877
-1.44559591061383
-0.29573527179597175
0.08182085231645765
0.21725806131221484
-0.9398254542311596
0.24158103710493514
-1.2933982240323088
0.624288564418181
-0.1726465661899866
0.17497971996288025
0.1277034553293273
0.10666904932370723
0.2323285140798622
-0.5133148214825514
-0.36571526606165505
0.11500224235837563
0.18299502382362645
0.20038567302808202
-0.39132758204410617
-0.5132710880523477
0.11089227135943455
0.07324653194882778
0.27507594529262885
0.251636012940504
-0.19071177169971557
0.3884652194164611
-0.4542509521664748
0.0541257690147991
0.43395541879511
0.39398801034816033
0.45001827747902273
0.781538424042686
1.0763436897557412
-0.5866520307774621
0.9472603423640403
0.3257564621889147
0.4818518722654275
1.1197429632579008
-0.36528187294775716
0.0528590825123678
0.8556506574043338
0.6364844507072359
0.23946708498862398
-0.6800020695588106
0.7581778512808897
0.030932626013875936
-0.04815829703303724
-0.5257846030158224
-0.008929552797671493
0.2263100335920122
-0.29421613615982556
0.1259952652032258
0.5096763692402688
-9.848195019205774E-4
-0.09988833804438402
0.5054569890798056
0.24800758472406523
0.1876718065841883
0.08368571502912084
0.1237148858792668
-0.2261522987677025
-0.06676916223885278
-0.2636263861987305
0.16633917493845315
-0.3231928699238203
-0.11004717374709871
-0.3206571830680605
-0.4065796500192891
-0.08551199579637528
0.0033054704110894186
-0.09318470447037988
1.2913799624660147
1.2528881482102838
-0.13022360384434994
0.7074626254901163
0.6552423804983948
0.9268543414424373
1.8200089120121354
-0.5549531117435001
0.8463009857765029
1.6866733295502803
0.3604565977906214
0.250629502673759
-0.5675658591060697
0.9917494444327845
-0.1924308723917111
0.6192777023065287
-0.45684806153651947
0.008520286931925034
0.3090125326199248
0.09553993649849202
0.4972983651209166
0.4836042452090756
-0.09708889379875536
-0.21492071988110328
0.15714607226028596
0.4634075782905078
0.14076319352987315
-0.2960658865811098
0.5951116866873307
0.008982766519376737
0.23038198420428746
0.015543458665870123
-0.5087746487431943
0.11173855288918215
0.1868949438733414
0.29216143691235047
-0.0052288399049882205
0.2612557923056588
-0.09804608238156015
-0.035310257606784676
-0.9248549341104518
-0.7374300730060837
-0.184679289377193
-0.6152282451166791
-0.6116970253416733
-0.5463096564067167
-0.8484858188413482
0.362974991790134
0.18694432578962897
-0.8544832074894079
-0.6168864438089527
0.06633720075713914
0.3814781362595624
-0.8370784334584017
-0.2844868634452394
-0.11996206514332033
-0.2686729959894848
-0.21026533348161197
-0.27841177250215743
-0.13914357601921995
-0.3558653808630532
0.15428877939448124
-0.04144093272003531
-0.12772941645227673
-0.652622898638965
-0.16390521338389585
-0.4949806106126724
0.018741316736120676
-0.4429169892533158
-0.7563306707223361
-0.5561839895182698
0.15389200671672165
-0.2972596532239223
-0.4434629563203424
-0.3023557334329796
0.10981651288249991
-0.1666523025387416
-0.010309723635935016
-0.1961205321791601
-0.15688166741770254
-1.1858831556619063
-0.15461639714603032
-0.24497876788226156
-0.4137183777045444
-1.034681937867069
-1.2587047499677697
-1.0829438897764452
0.1500467726431956
-0.39755243002204693
-0.7663058313156036
-0.07503502893684111
0.4069361606893572
-0.058637943258072166
-0.7700305980795521
-0.040500638616033625
-0.573419463112632
0.578685468569029
0.2548938353165456
0.3112151160837851
0.13057931536870704
0.43943265121326336
0.37988675940986305
-0.5115392491882271
-0.08990898011337177
0.44460679012746157
-0.4047200569371253
0.40278795828634395
0.2403408133737891
0.4253232935049419
0.6284337644918302
-0.0969217414576668
0.04238346805781894
0.06842113579889347
0.5451253592240548
-0.1509779165548078
-0.106663192646076
0.21466457710234993
0.2758614138357382
-0.00412699868991141
-0.16248535115051746
0.3244658285751396
1.0479972989597155
0.23194711485586514
-0.0661420602714267
-0.0035324304727972038
-0.19973692998647224
0.12970728824580605
0.13079808236054233
-0.2820048461950711
0.4884345560513138
0.12535464674589392
0.02020831707075446
-0.5126317193787234
-0.0026801633519626658
0.08932574616320489
0.1485447579146952
-0.4124157333228105
-0.14308300728967144
0.22901851571476092
-0.01680277591812151
-1.5234375330692813
-0.7539820581530112
0.05514469199151031
-1.2359074601731443
-1.0219623309552994
-1.708835599418978
-1.341242110187377
0.6249846878438247
-1.176237601474726
-1.9783951900410337
-1.091525110298369
0.10083311497807092
-0.4073365340733498
-1.166020172648673
-0.4720784591696806
-1.6535984301217221
0.10017987359791894
0.363160342070728
-0.6631186455650302
-0.35773424085529026
-1.2069666305708628
-0.6637393812803741
0.18404488859124113
-1.073291479732222
-0.9431293973478238
-1.7061583330513779
-0.7164331348347962
0.4340305053520578
-0.5191220960734985
-1.5063371393481768
-0.41936835827547575
-0.08466334874274986
0.43849622214764067
-0.8434517486553903
0.09858648576951078
-1.5261252712620723
0.7944149497853944
-0.03612470961383671
0.10937922485824399
0.3740094305102829
-0.5360081581223407
0.007496976459116194
-0.5336223811029782
-0.865064006959614
-1.5080648871158504
-1.8937627406603943
-1.3065828314342978
0.05836954187833913
-0.7199426531231085
-1.585486705806492
-0.07024263782532217
0.4502415150946345
-0.2664961137809483
-0.7293341304164296
-0.43761164505023964
-0.8801995585015268
0.3370451199369832
-0.550074677542889
0.019009443354893105
0.44635232338712816
-0.3476357769976326
-0.12711708655975015
-0.3238895237509045
-0.9717373282217384
-1.0379839011525536
-1.0310615399974
-1.018087850810367
0.004712427166631451
-0.7580544104853632
-1.445056761311609
-0.7514797098561034
-0.12484451532054716
-0.44752434115848366
-0.5390451170318511
-0.24225350325358566
-1.2244117572283935
0.04845090475081322
-0.19495057222713394
-0.26274978175433844
-0.09092343020886529
-0.7678846175088673
0.5989387664428018
-0.1219596663880327
-0.4616198915540014
-1.1926752609658477
-1.6048559057163572
-1.1923658972688824
-0.44592045813263376
-0.3227808533440665
-1.2516642638238236
-0.34432125848428385
-0.23466687743735978
0.11319242610164938
-0.7194114549282647
0.018202545620834888
-0.5568014968402616
0.14028824683246083
0.045376754685839536
-0.6347926596297518
-0.05737959202957773
-1.3501667912242128
0.4632176784814582
-0.20381618760932485
-0.960857947969637
-1.3581589907180631
-0.9704551790788792
-0.43428682844342714
0.31184785370655904
-0.6568958830701448
-0.9362552616210982
-0.3216094560088341
-0.17535998134972228
-0.6278937795705134
-0.23634758520045995
-0.5145457056641426
-1.111621229023449
0.11173601667667486
-0.003122124809153297
-0.3832254562627534
0.4211821825957079
-0.22371092183486374
0.24755305250545348
0.041579273932584
0.45323285617825054
-0.20720556683217992
-0.5765727443384397
0.6862455901584253
-0.1469358481827575
-0.35242397158114275
0.3089421178534969
-0.3673600905249524
-0.6067349273904988
-0.019101473375783735
-0.0984549854828496
-0.663911803081823
-0.4564255506136104
-0.1112894972038059
-0.5013786201816628
-0.25119485083562637
0.359593992982272
-0.8244299478611132
-0.20923841017100095
0.2181499023421067
-0.6600970014180866
-0.23101995640031958
-0.8088655700325974
0.15824431072206432
0.37967701418545974
-0.500998318498796
-0.33083645755765617
0.2108801661121563
0.3464288633940298
-0.015587210746575094
-0.6040478970916652
0.025070496732651187
-0.08519238374506576
-6.826365298046025E-4
0.08646094758652297
0.20083148508852344
0.32230268021253283
-0.596452638815245
0.18256501177218695
-0.03316023803407758
-0.581025440315027
-1.7313950956265395E-4
-0.7967959533484806
-0.16421541069273177
-0.5184264894643811
-0.13440515733320896
-0.8932104229467396
-0.5420695886157331
-0.11528353331140018
-0.4334665393711753
-0.03262767451499584
-0.5454301549280369
-0.4947984205344182
0.13963039853704465
-0.28326972279677254
0.26952987252166244
-0.40977259578802394
-1.073937738916371
0.010601800954713577
0.37076324902672714
-0.9527326815429328
-1.649334694473922
-1.7141358699982323
-1.3055822801815715
0.04763096535017298
-0.5712191014465909
-1.5473240013038074
-0.9867130378716882
-0.14793642108185168
0.3530455785687315
-1.0986958278345558
-0.4589797026797738
-0.895487480052783
0.7564027055838142
0.431347373629638
-0.10093253961550386
0.267460147884075
0.3709871885207501
0.5938404397379409
0.2424986864490717
0.15272860425898938
-0.0957115412708762
-0.3753437371745615
0.38814260536262707
-0.5456929006262883
-0.06608099607222916
0.27093716026646447
0.536778973199267
-0.10336711904979792
-0.006999649476954323
-0.06203243408171148
0.009619349509544838
0.3587801734574108
-0.44473151093840735
0.09333783384590079
-0.20056228175869245
-0.4178849261115277
0.2593864399199328
-0.4182865175154159
-0.08213230841919408
0.01716178506348592
-0.29726887490649173
0.2132747057549789
-0.4207563177255838
-0.14120358968371644
-0.014090559892665269
-0.6373266188804106
0.3148943281289706
-0.30971166824726
0.1934751938884117
0.14593248619160043
-0.2264305159644153
0.21595094329173523
-0.5068379007220145
0.43486088170818704
-0.07670057023122215
0.4879372012066744
0.25247843627196637
0.5766238244688021
0.38681971761780637
0.7074909120512619
0.763139727545402
0.6664939353013357
1.1633909035122396
0.2657122491683128
0.48814708366011633
0.8010866620096788
0.6560155752661408
-0.20785704318167814
0.42926159380914775
0.6662290060928132
-0.05751155839110675
0.9328714144007763
-0.5939085667178828
-0.24346057460735285
0.3837429770243212
0.2649458036162536
0.22863582539998606
0.450618014600007
0.022021992844046025
0.37901675611081626
0.06178362920723737
0.5174940762779183
0.6370893332602802
-0.2156583122350461
0.4029599415440297
0.18687047364410003
-0.06065582599171333
0.2954638919374263
-0.3964111047607175
-0.007018352936179484
-0.12786251362081572
-0.021005115301597276
0.006156852957564181
-0.00662402413242089
-0.428748388698597
-0.46143861821255444
0.17943155148149822
-0.5578527671280401
0.29772154203143125
-0.20148413047246663
0.37874840181664615
0.36070726560368555
-0.017883921860597597
0.28171451432504396
0.43374599055104746
1.0300565954972845
0.4889251997721869
-0.10731273223788113
-0.24129922243176605
0.16518478992947722
0.3975558851067699
-0.1283725527247136
-0.5854781342310268
-0.33459827047016755
0.12975583234455854
0.44217879022966067
-0.2965268081776547
-0.804864911626392
0.3868394337919122
-0.3094339744652177
0.4917269565512935
-0.2656021272391652
-0.18384977672794592
0.39493834638435527
0.06015045238793825
0.6173548848270332
-0.0028762900662246344
0.40927510156507674
-0.16295877991965818
-0.32061325700807775
0.1656080078117128
-0.07996826266092845
-0.5089523452067766
0.2727711875127715
-0.40234253103114315
0.39888942143224343
0.3316241911414459
-1.4618784560152034
0.1565948790134918
0.09342054532411696
0.5165669631534343
-0.29642734129096454
0.1425673044903052
-0.1173631230616853
-0.5227788432365007
0.09075534427855318
-0.005059415042752508
-0.2785445996774631
0.005829374950725497
0.08714206176078046
0.21918543832400386
-0.47724819821910763
0.20005494465723034
-0.40655401073865904
-0.3802357992324041
2.2427475928023878E-4
-0.3092482594193971
-2.1828374357767784
0.35218133766392223
-0.008373061769567461
-0.05425162823249909
-0.10226759787311387
-0.8591009912613481
-0.23453526803694738
-0.5259343367448182
-0.48547387355988225
-0.1861504349189787
0.1732657069202765
0.4568147301623736
-0.6565208901542052
0.31083391411153205
0.07268037784591617
-0.2109816868529787
0.19185771486959527
-0.44858852304046815
-0.1937026959628897
0.8797508138067867
-1.4424294793022028
0.5860139214686998
0.30039195036859095
1.0796350914110189
0.49552401450572553
0.9643418834347991
0.40148817621128324
0.5941762117111824
0.74497938630485
-0.016469486493180734
-0.44613645884112396
-0.10612076718764912
0.2159524913487855
-0.23502905586795494
0.7431356457349481
-0.20523717889464566
0.35216766452454085
-0.15935735319693875
0.22937433730948226
-0.20779089906064696
-0.01818539272241239
-0.030235107286660567
-0.013748954533051633
0.5204387328451379
0.33193412777730236
-0.1882723389205198
-0.5065579409016151
0.6015817800286819
0.3420961813300926
-0.10848153927912421
0.07479940428126369
-0.30148317273090075
0.6670784145121581
0.3989295524755735
0.25138240920576493
-0.5303973958344625
0.20112867899016978
-0.554768658988819
0.36405328643307117
-0.3763174565970467
0.07449576744831804
-0.40173061280389283
-0.47719133333216457
-0.6867527843776773
-0.7274149859242425
-0.5192602502260096
-0.0876893140550514
-0.2998157959405456
-0.6503443612254342
-0.504004411485073
0.620989716113068
-0.20265445720920716
-0.253269997747987
0.23629615875422716
-0.5607715610056639
0.7466390803755029
0.21931073570285084
0.2714676238736267
0.14779976283546475
-1.2931756939576944
0.04887516548679159
-0.006681806476574657
-1.275536285459853
-1.310133483700877
-0.9787933362751764
-0.9569856412703751
0.21849545860755037
-0.48269850688176197
-1.6664748765025508
-0.4878684811970682
0.4134989673089965
0.2523552888055147
-1.2442333292575438
-0.3559656347643824
-1.3960892088647137
0.8905303543131955
-0.09860880373870297
-0.10596905746634946
-0.009551618520163386
-1.7684821718054224
-0.7390069047311735
0.26528418856412894
-0.6960772154845494
-1.263428965381103
-1.0903538759558515
-1.5306142375256728
0.5026437067670366
-1.2464673091229557
-1.8282892517643892
-0.26392867223694827
0.49402146553310833
0.21402875042121425
-0.6327858146544227
0.23250369778716368
-1.1243590177966645
0.46494136877905423
0.3834622277898858
-0.4060047740131935
0.2707054410824144
-0.2583920071630687
0.39900543247991066
-0.11439095066029324
-0.29250445640017864
-0.8244689879329028
-0.2332285292161876
0.0023366698617463496
-0.03998298987036787
-0.012875927082902151
-0.6771229455475353
-0.2064456723485157
-0.47087305988847117
-0.06939768899684867
-0.2167901427896497
-0.46485602343714977
-0.5366424061674203
-0.3815468413377513
-0.11372023900932651
0.09093786990783814
0.4507258752354151
0.009130814403797526
0.07391699585010494
-0.3091232566935833
-0.526351201810912
-0.22121986011619021
-0.11507553971648969
-0.5466693111889646
-0.2859791005167364
-0.4288696161265178
-0.09192472923487714
-0.45159309323614233
-0.44911304249250544
-0.2199693381843135
-0.4865491554660477
-0.36797247802158994
-0.44603865205662
0.19492710329026575
8.860574296374688E-4
0.1806684826830739
0.012843342144035876
-0.06057198586833785
-0.3562290083377358
0.016355053234637887
0.15376572920280676
-0.42598910996474404
-0.13565212759349518
-0.2720210525834685
0.350978875388937
0.2595770871478513
-0.32351506207039454
0.0333983931731732
0.513200601106296
0.13361437731169312
-0.47036304957718866
-0.4608651209895795
-0.053973065794252914
0.33497031551994055
-0.41721713882122574
0.048994362674026924
0.19283699208540572
-0.08298028753739282
-0.02935943107142617
0.19579849158259066
-0.20272069666302212
-0.4576880565810179
-0.2540399084809921
-0.28149733752638034
-0.15498279000992735
-0.366790368091346
-0.4740053844586966
-0.11528282557791311
0.46141937625554685
0.2734692590229943
0.15302608635577458
-0.11064589432980097
-0.7316173150481382
0.04753530432931346
0.25557538170853517
0.20866879689172096
0.4334629582826549
0.6993608901397308
0.09579249944258045
0.03874306255428073
-0.17504756115157183
0.5619999483684952
-0.06699335366608723
-0.12463293774205222
-0.23871078424979997
-0.3259783688905956
0.7350866819686462
-0.35448994048483395
0.28525019051671124
-0.623850420712314
0.2480238192469955
-0.4764038636850573
-0.0788200459016071
-0.20501347351948748
-0.5572415166831559
0.27889982769758037
0.41935997782944545
0.13977111667227488
0.6449157312134024
-0.43519292109705887
0.08934043260271829
0.5897946064604713
0.32428043326938294
0.30145483128069483
-0.2523622388206666
0.6708908826073894
0.48247713705376205
0.6469144805157915
-0.33958372190012154
-0.6142615862086582
0.7840977098831305
-0.1615561083063272
0.5481169698350534
-0.3597232374493239
0.15755418433729118
-0.19373762417898796
0.15037903614357973
0.9131093445263119
1.1407904011234642
-0.257997218131937
0.44897451518403303
1.1144150111134943
0.6573739538159852
1.4402585283503804
-0.779066624493436
0.34425344747992304
1.5157356966172262
0.16456403518147894
0.15531545946890207
-0.29256812643140595
0.8117879270057804
0.2527644390879679
0.7686704304689332
-0.14475032831999668
-0.6896960855578006
0.5384060049304773
0.38024791625000354
1.8232315680119624
1.9009277833384959
0.2097660937350296
1.790064927606589
1.779185032757475
2.342698294555694
1.6512738708579209
-0.22359663249852063
0.4943839315740224
1.8088402800817955
0.6536861778804915
0.2028222717164679
-0.37712964076850225
1.3251346182279593
0.10399517393269425
1.485235042787333
-0.4979839578982559
-0.02701696443951806
-0.2964363101098093
-0.11484933994527102
1.152941754835866
2.0531386326557604
0.1498903216647413
0.86217570388908
0.4797639866886435
0.9719408653915996
0.8081070871251678
-0.07319744541762496
0.5148474861317243
1.4476567529857272
0.8876174262743596
0.18657212890305402
-1.038416522197298
0.9323419332034492
0.1705885222585855
0.5126313669421939
-0.8036831621856029
-0.38524530905785204
0.19046464019407988
0.2706397077382282
0.7334813419285267
1.739132509398905
-0.6716353984744583
0.1959173940092784
0.8021830978079596
0.5790748716678353
1.5269777430726097
-0.8434053931401791
0.7658280836806138
1.806418733034484
0.8723914444221369
-0.6905438905778075
-1.3229461751027456
0.7052336927425348
-0.6855295952828088
0.35769392837491004
-1.022430097903533
-0.8905405235068031
0.3768032689309079
0.1590889821964997
0.20688725075634384
0.23137608971475487
-0.754230835953768
-0.5959663464275607
-0.23170387375011808
-0.6172403493554491
0.2724783950643356
0.2943703828610161
-0.1429621748449374
0.12646730099411335
-0.2733071010479028
-0.4528030915400328
-0.957582738013534
-0.013924285232274616
-0.31460446641159123
-0.6700357933937435
-0.4680044484622068
0.09041748918336832
-0.269451657344631
0.16854930049452843
-1.4051028923003976
-1.5417847625387613
-0.5909736138662907
-1.1499066602966386
-1.7808497864420565
-1.4257294148593773
-0.7961614941546903
-0.3605676791440472
-1.1843025475535665
-1.1024352358550737
-0.7573049799419481
0.326767773121146
0.066078263475726
-1.2959270375519871
-0.2931465064527886
-0.9437735233712498
0.42728097070088006
-0.316571967836975
0.12434137553540736
-0.2401072872558114
-2.7605551314201966
-1.458848162533419
-0.2245750821825732
-1.6483603349826101
-2.4224233263149046
-2.920724244492463
-2.679749550235614
0.5984652372233099
-1.366697963934539
-2.7546171768414895
-0.9155110314627873
0.2698618613316278
0.13909952648478288
-1.6406297112952428
-0.10352409705765976
-1.6342235618989245
1.1889340842404408
0.10750178804825149
0.14059598847551633
0.4771148874330113
0.17828768693361144
0.2010263039511627
0.4107547806577613
-0.23810555358218655
-0.032443815762960924
0.053454834973551926
-0.2890995402907317
0.3061722461287769
0.3177580923805794
0.14544957211416426
0.36545656502149704
0.3898992251098203
0.03946580343629797
-0.3991664644500854
-0.21396794179930428
0.2975327204867001
0.39471993127416516
0.362704487899085
0.13368378375383216
-0.29363050348698405
0.4451164602143612
0.3265791333772346
0.3083685944249976
-0.38467142650893976
-0.39528189107957484
-0.13921639977668865
-0.4411763252312312
0.060338247804748724
0.15933368569896528
0.057919952769942606
0.3320221068995229
-0.03802474683085316
0.3999828685546691
-0.3019122156319091
0.4097521864193864
0.40408427940487385
-0.11892705937073533
-3.89090726939878E-4
0.2103057126937401
-0.41755580771738654
0.26449440994948004
-0.08691359340571747
-0.1253236886989138
0.19005890756187194
0.1777390310125232
0.3677110273538723
-0.06676824962604627
0.030045721858530106
0.28651386110015464
-0.049037478916051036
-0.1816044431659235
0.3377754690986344
0.10402882205790148
-0.3410863611366545
0.2568774679967866
0.4746099890476856
0.2983421390169295
-0.45229480152457985
