0.2338742738064138
-0.2004152715752726
0.328679671614319
0.20071741484592942
-0.11342257594821242
0.26171739763262086
0.0776180220077905
-0.25460088118534396
0.37504493612212897
0.12635416907266683
0.21610178774120287
0.07960324815662023
0.11662323859165874
0.08357863118714598
0.4658165272300556
0.4457875524266699
-0.3205726276524623
0.3852786522887228
0.2691573935791166
0.07232797616173448
0.11492467706163569
-0.31816247114988383
0.18136515457580543
0.024364750455232346
0.2495509270049122
0.14239264873979976
0.4247881927202348
-0.21862090987532365
0.3007505245391611
-0.3483585217163282
0.1310476059139784
-0.18937995659404508
0.2799235138705764
-0.34726824067013656
-0.21285287055987653
0.03178566569059429
-0.033097951527876784
-0.34683270224666074
0.13218466781814128
-0.468039654624349
0.45493364622783933
-0.3246463833586441
0.1512425731149367
0.12478759297378512
0.41561187431665975
0.3153999400041613
-0.17090929995609563
-0.0769447005948947
0.20541086957985658
-0.1654159563181308
0.11691528954460226
0.2382054101808272
-0.07265503734902061
0.5304278154282708
-0.06374072488924719
-0.24560814581781568
-0.4453356117479637
-0.16030405950142407
0.3070494524808045
0.33549567797204105
1.0970521757506309
-0.2534134861920014
1.1121926889627505
-1.458871025391534
0.8994463559791456
-0.8869510670472336
2.0335324497968985
0.8189638382382813
-1.0369239608194665
0.0709417196977932
1.477083488918054
1.0329572814595562
-0.9378348263756706
1.5727710199599614
0.5025053668282243
-1.1085415509121532
-0.4386852437130264
0.5998665675949678
0.17908953708173092
-0.5216389915316587
-0.11868864175974746
0.2955173393925614
1.1621502368070944
-0.028551836775276042
-0.636237078445071
0.08977597593661833
-1.8237243069601559
-0.8619314603712934
-0.3166286781181726
0.3328217010657961
1.3684312600143993
0.7311585777576054
-0.017773835057193953
1.2007069523362157
0.3964685204888919
-0.2237012923985972
0.31767483007110453
-0.24504631362512272
-0.09740648961122865
0.528333496122348
-0.6547491556452629
0.06634598670409332
0.5504177569109012
1.023919634868073
-0.7580397139356305
0.143077925986207
-4.975061063991464
-0.48829203379617175
0.0807946067316724
0.6201677525239919
1.1275145072680177
-0.0982691838051621
0.08033172467778987
1.7444899343791318
0.47816308191948487
1.4447236296820245
0.11916786734548487
0.2170479441597999
0.2743402774777962
0.26935697646006396
0.0030823923171394542
0.8629826593249512
0.2979739134054246
1.6427998588880972
-1.4348296082603555
0.42997814696426667
-4.803718548263169
-0.21248866095393348
-0.26273903324389253
-0.31093868228029686
1.4339089969976433
-0.11351865792102263
0.38668528952308157
0.778739021625102
-0.18281785089643246
1.508376511484571
0.20273028823590067
0.2375603082492167
-0.15253620568083043
1.1616923927348117
1.0104649961776238
0.2867562943225182
0.5686769750811369
-0.7648790404086184
-0.6267523754623855
-0.44519714709277197
-1.053980810832184
1.1624650942938348
-0.46024454266642306
0.3245632253654342
1.3758803178244572
0.8970934669758325
-0.36431393456849737
1.3603755884425803
0.031288366843552885
-0.0061725266237620795
0.2862862333206285
0.619984903165907
-0.08686073058591716
0.21108254894970693
1.4106145129681333
-0.3634523318193845
0.2582230074841155
-0.38348027552349356
0.8915578508277743
-0.27329556707900615
1.77728837574362
1.7289002353397114
-0.7372290085803457
0.27935508407201576
0.3596613162640711
0.34847810164574605
-0.2347458031742176
1.2546748199634907
0.49999844604228894
-1.124741758137091
0.20678777206871332
-0.10575654128508256
-0.3457552636222764
-0.06820459121911054
2.4449548170811397
-0.5395960206815921
0.7009030044452523
-1.7132612449528724
1.2300405739224776
-1.0695916061280968
4.157667632497158
1.7012212264523643
-0.3243006937266293
0.6727476554794946
0.9386638633940009
1.02090171120124
-0.5232969853738746
2.352493026454814
0.21250316714001954
-1.6385948383123041
-0.07915171554491546
0.41311124753143297
-0.7378842421858713
-1.0460645622144022
2.2033838361718363
-0.11550707516046423
0.11882450095686246
-1.3315209024695702
1.6595660279909092
-1.0661457663810363
3.344063909040506
1.74178371010003
-0.32738632586244665
-0.04596208387505545
0.6428146918447956
1.265690446970278
-0.22453562308034927
1.8671561665428675
-0.06473397163478678
-1.5248969759798663
0.19880866007611311
0.7625653074384169
-0.3535598763507526
-0.7292503462380776
0.9388959618357431
0.3070404664736712
0.7870165738949838
-0.3581945878582219
-0.06947920783146344
0.0938862577358173
0.2673650056433873
0.4817599570990302
0.046446055464010164
0.4797022407338705
0.3214269160246556
0.42903647374790943
0.03958025437834864
0.5477192957247135
-0.2941490857786488
-0.41809315478157855
-0.2032420780057209
-0.024825864911988075
-0.2556327792294201
-0.11871798952571469
-0.32101208826920385
0.2786673515740995
-0.11591252105486158
-0.4570185069782279
-0.465496230259513
0.3676054348228792
-0.9469517802447496
0.17077374952623353
-0.5043733706178658
-0.3287954900661056
0.6913394483064556
0.4154774026567564
-0.29895361648985574
0.5812754457726305
-0.3694782011186547
0.11699494457338426
0.5213728135089533
-0.20558696938807489
-0.10503871725630264
0.2891022989492276
-0.38032769906568903
-0.019620596274739343
0.3998897885539319
0.5644348461097287
-0.5968329433359743
0.8044669924083302
-2.248259802488971
-0.09357007151279483
0.2279863564911715
-0.01938668722404758
0.20931260367210866
0.170068385793763
-0.0489864930926396
1.068606291863546
0.4747286827700071
0.5332932563340463
0.27213960367130013
0.19198737857803233
0.08025530711181646
0.7798160294575689
0.08964624289642217
0.9136565948625495
0.8026190656370389
-0.09998736382331273
-0.08464126220022533
0.5496474755403603
-2.268688429431706
0.0419829680714157
0.26021641189100586
-0.06662038838204133
0.9113254887557255
0.14757603316055518
-0.16080576672921637
0.7805028070805118
0.5222037739378241
0.44315117641403007
0.560482192981809
0.13312776336685503
-0.40991993508852825
0.5553282318842058
0.4528337576443569
0.3687504331546555
0.0018883790062987106
-0.2707542740535806
0.004084060696834122
0.7745093540112589
-0.1240683235131679
0.3681954915553353
0.275005323163138
-0.00904718219097294
0.19854866299250848
0.6193571201884769
-0.15986216549559848
0.49628169896085617
0.18400279348556556
0.14137392640979146
0.10043750157936988
-0.06625086836551526
0.15324665816836316
0.3966604102277792
-0.3570157066959008
-0.01215365998207867
-0.36265589210925403
0.30768359940986933
-0.008901569939430887
0.7955750627565475
-0.008680463480764733
-1.063125024299384
0.4045471314083058
-0.26275066072692255
-0.6858511388054659
-0.8034655751687905
0.08969905143260147
-0.6768906789157866
0.13031434841266434
0.17791022981355153
-0.081805248175099
-0.17300224711911216
0.3851412634816357
0.1943546213719373
-0.4320701944297306
-0.3603141826492273
-0.2904188766116647
-0.09397503066023623
-0.27588932631015584
0.6155455212046052
0.18975323290340307
0.04109646313609004
0.11277060957397986
-0.21468605117777675
0.30758104800994207
0.3992947398036438
-0.17049106659360605
-0.18266810215313886
-0.04479253488243603
-0.10801529978332274
-0.1901101039695623
-0.57306102510572
-0.24046536905425175
-0.268002278098714
-1.2289211540749791
-0.012870343028659928
-0.32744804804602945
-0.10250718411325471
-0.7306990270070919
0.6393339388175768
-0.613092102985886
-1.18065905580194
-0.6669117346946657
-0.3565977772734688
-0.04356998034929421
-0.18474587004508947
0.2857362726756823
-0.8801787397312599
-0.17016443411610335
-0.16959614896447806
-0.5154508534509515
-0.30795495536227113
0.2055697552301183
-0.20335633464647335
-0.0984606596923383
-0.3000427557151583
-0.3354410276990128
-0.7571650193331344
0.09921261945439595
0.01573615467353691
0.9780124627666236
-0.36304391901045324
0.2245902702468906
0.286835954748507
-0.1437431687940812
0.15113796590103692
-0.35937339973718335
-0.8031931384467218
-0.607957770494763
-0.1134230655710669
0.11026432225411975
0.0993572577665723
-0.25391144073900834
-0.021224622540949284
0.2739757374021742
-0.3704280509088913
0.3885998457444553
-1.8490880435585286
1.2600898083448888
-1.1139184520813505
3.2316641899824163
0.16667664585232436
-0.32895675656641443
-0.09694632430540319
-0.17015943545070802
-0.04379090711938811
-0.8601527973988194
0.7593232194265048
6.628858982097057E-4
-0.7398428568389029
-0.13864098026541002
0.2932080915475591
0.11525993552886944
-1.1849748750457145
-0.1943454792336002
-0.2304747608687265
-0.45176227050225704
-1.969978922326177
0.985648891782474
-0.9719897913202593
1.9250383300435305
0.33798521099790924
0.029500663561460916
0.3118491266155839
-0.1929054237937233
-0.311206648171918
0.11864799895478485
0.13550965577562707
-0.3870354563082321
-0.32566411942370604
-0.3096687445156815
-0.1525422337368248
0.04901149845563361
-0.46968077854402507
-0.16055844747278483
0.3493933639645703
0.021722995786432515
-0.7341146615236107
0.27461400689023197
0.2849571332890042
0.6271353236462113
0.24084703640736893
0.3086727595435232
-0.3857614317197415
-0.44569309517762024
0.010036287514048031
0.2016589359716414
0.43308001667656854
-0.11946317210457548
0.4816899565780071
-0.21375549603426333
0.19710544939782387
-0.43488767753086993
-0.3164812023192648
-0.3076851361959887
0.4577104983338718
0.25402517182650186
-0.1881372313462743
-0.016303793675287327
-0.07628358648793568
-0.437248314655378
-0.2028521315730879
0.5219596652634201
-0.39362192160304665
-0.36840558618780683
0.12298237678252551
-0.32838249598439506
0.24373370156691715
-0.021985146012813296
-0.1548819205995129
0.08986113544365097
-0.05198012393710427
-0.018694621060522686
0.2933546997999881
0.4575443048411117
-0.19540302003948432
-0.3171323404087125
0.3299726959548981
-0.3971627553508905
0.1545199409477035
-0.03750065949934526
0.24025082550280052
-0.07917631178650461
-0.40970239298677474
-0.4304141101816761
-0.06502659245494338
-0.3034558876323979
-0.016447854590126793
0.19320308647040452
0.34271034076044526
0.23480965845932708
0.02841389409525367
0.29267333030293186
0.49954883454164545
-0.13549659170007608
-0.12413569022718395
-0.33189282241218043
-0.2500021013354655
-0.22999199338043516
-0.42614527438421634
0.3862567550365791
0.5192329243778383
-0.236250957113037
-0.3931905431941543
0.2936292705646562
-0.31345907411463736
-0.15329436445654285
-0.29925757312392814
-0.2581558931149203
0.07738152613325681
0.17193098475031943
0.09244849006536131
0.35106918903779
-0.2579491767194258
0.8841675123838793
-0.33298452131571704
0.5866653711088289
-0.41471609872926
0.4342340379838987
0.2816570113426178
0.07444835866914608
0.7746965176124896
-0.2931497660914651
-0.2053170305013685
-0.16816308878926647
0.20080861123752014
-0.4894401903417317
0.292733137971162
0.3711148814844358
-0.02534533822129946
0.090907867771951
-0.3928222322466457
0.043914990543238205
0.12257639563131047
0.4022119234067813
-0.1869290186971187
-0.7447306207453588
0.34153445827141876
0.2916187047124055
-0.24846856365938005
-0.15758348961029042
-0.1539075096681325
0.05953328075353999
-0.12314404561270838
-0.47718917120623333
0.23088661647466968
0.6750323907029963
-1.0154952053645712
-0.2337088935611524
-0.19152723775067257
-0.497961365039075
-0.7278491109045914
0.3134951190608675
0.016124006804881828
0.5074925518632404
0.5969730836149401
-0.16100654564402617
-0.2673807070807348
-0.7490557917424456
0.4949208881875418
-1.2354847160204958
-0.47378942626101206
0.05237766113482583
-0.3111772043074961
-0.4018441834056271
-0.17865371790588336
0.4149436371716665
-0.11630193822336916
0.2186045110630759
0.6668211845934003
-0.11781036443757119
-0.21103789693505756
0.24862561050480764
0.6088208721950619
0.19501852010460838
0.09945425419755485
-0.052737564771614974
-0.33837071875393177
-0.053290111612844644
-0.07099314442390453
0.13153667390916343
0.2044613946489165
0.4687928347358721
-0.2957417364433987
-0.08047064979584781
0.18676922367680307
0.37610963773291195
-0.21523482899363694
-0.5277517916286184
-0.3395512790793011
-0.5482004134110753
0.33412639258160975
0.26330432652361374
0.08170199253079484
0.069944926338583
0.08860087879372504
-0.7358876882122902
-0.6920720610220163
-0.2594661620950957
0.0029946598969405576
0.24019726302140845
0.05399945759745215
-0.15211497511119274
-0.3230177262158152
-0.8049912925168351
-0.14144233462795733
0.2542092047403428
-0.9829910958411742
-0.8076886153209387
0.3591900871555168
-0.21864712579123186
0.18198806937809553
0.20102404603127247
-0.06612922777876365
0.7800357713003095
0.05421541056479717
0.42760793375025447
-0.8574008255454961
0.032116814615142215
0.07248161908050992
0.9460840572569725
0.19427443845025036
-0.11864137182143787
0.2926385714843161
-0.28991053055701993
0.08514550628551375
0.2612235330145055
0.1748405662138958
-0.23797999329719852
-0.2354745059183016
-0.5942016609929608
-0.24890183842666547
-0.03494355191588807
-0.42564158485789033
0.9016499611367949
-0.7536929841081351
0.5545528464571098
-0.9330927479690712
0.8788962304309565
-0.6611748215107022
1.8708833508452274
1.5440451372680661
-0.47400762934631646
0.23807453115526697
0.2666922783158112
0.5110601904022716
-0.3331993393662921
1.383520384421575
-0.4868442261381581
-0.717653069005706
-0.21820117057228264
0.24881703682708847
-0.741574871580948
-0.8990098378037831
-0.4832946578400778
-0.31178315294722403
-0.7970028183777813
-0.11782156216033454
0.47651199415434375
0.21449802099974963
1.2039790205606524
-0.06412325256578012
-0.13797227567843157
-0.49307817680375454
-0.7253672369533132
-0.68468557697588
0.6500928981020467
-0.5474122873650328
-0.4844997994166476
-0.03816759949335218
-0.045237303107294416
-0.1712268201495333
-0.580461508837357
-0.4998007965628128
0.39745421515866325
-0.7438288893505092
-0.27539955716699627
-1.5137390953288334
0.7796932560656927
-0.24680071478215526
2.6983949916895607
0.015025815450108686
0.08472758514659856
-0.3954842359297662
-0.737739577574412
-0.48217897528830184
0.42433572113534257
-0.6744478099511274
-0.3426483602953599
-0.5056585066425562
0.1148148618294205
-0.5852016048102466
-0.4241810785089461
-0.13021601835001242
-0.4407255146735096
-0.1939945403338591
-0.5406082015144045
-0.8210674434149339
0.055888137902735176
-0.2704560698204398
1.270974421751825
-0.5014265413779919
-0.2823480701468391
-0.5123451658383348
-0.6921230675854892
-0.4116406545203103
-0.1979012898208585
-1.167061280862381
-0.47316056667704404
-0.6631544306994253
-0.36118558214263796
-0.03392045750971879
0.3164623707040516
-0.6264985986529122
0.5179521446385453
-0.012528516540528422
-1.1923214892578617
-0.536100479239121
0.8116657307641046
-0.7507354438122719
1.8367880984488887
-0.3043544736567659
0.09054988197257591
0.02901324459694866
-1.4320693919564216
-0.18159989931709006
0.5325231349330282
-0.6148620615188772
-0.49474370267980683
-0.21971817821415757
0.10401015180694592
-0.17220622105882824
0.23305002928944243
-0.5755634170180726
-0.27555218844144713
-0.11230465012630873
-1.2125568324129716
-0.3913360895310322
0.5549938415261219
0.20120498908307782
0.9386359400474906
-0.4468153914555007
0.43471807074706276
-0.4777829409349302
-0.5102163704887533
-0.6918338892004673
0.8255381490861693
-1.305653289707176
0.033088257557746845
-0.061006053286889364
-0.1399275360742881
-0.6994757872758105
0.007378994971516851
-0.10036744457132091
0.793917057256346
-0.022692809002115507
-0.715846359303103
-1.1700796524875516
0.5561163859902832
-0.0960079614983444
1.5903614646725994
0.09774030126511539
0.06975378166156922
-0.6776194352037102
-0.7592365085035394
-0.0560674812131646
-0.4124998976885696
-0.7616766027364885
0.20546261475766503
-0.8166341812499586
0.009670077508255218
0.21902817991695506
0.015018797082377772
-0.16409212618192895
1.469694405166841
-0.5094388029670692
-0.044751435116673406
-1.10724791658684
1.0378350621509234
-0.5596498509189106
2.068292900133027
0.27174780311006924
0.014943964884094751
-0.2496116703629056
-0.14958240854610988
0.5391281933363342
-0.42858695633302923
0.14204210332995068
-0.4440793440305241
-0.8360557188824888
-0.5347905612974287
0.38055681445091855
-0.3856736403967226
-0.8562271556790658
0.17535176069512073
0.262590704508581
-0.9736948214351042
-0.844493685864029
0.6820734887280364
-0.35009841411532244
1.7473879358825348
0.5375181955268237
-0.27325349637842644
-0.44838676169073793
-0.92130358333038
-0.684530456619634
-0.09791994498992247
-1.1272177342227991
0.03827245563520983
0.028087719191130053
0.12946253602587374
-0.1189792371298414
-0.11263038029855595
-0.3138401706121747
-0.7204122745806522
-0.12428720386944794
-0.885450247527337
0.3090881710305298
-0.19913140164766402
0.22438945708918706
0.9185044626169692
-0.0023432101806369495
0.5603117519902957
-0.05563910281503407
-0.8694577861577971
-1.1214861516754988
-0.023030427775129245
-1.5969764440312304
-0.6349574082593662
-0.3303444917770797
-0.4299088534277753
-0.9029464895141206
0.3977150397164655
0.37140376356672117
-0.742859497824146
0.49143168660151
-0.9999941727741586
0.13631780029687612
0.6480745048460055
-0.10073612490470009
0.6548060847350476
-0.8973547807102621
0.05888087265825202
-0.498301439736001
-1.0676691211136278
-0.3125966354830272
0.5221102770387401
-1.4657309631444002
4.276516407148435E-4
0.20450023629482109
-0.4669286616220502
-0.8675292696395257
0.42632119376787914
-0.3370321027161174
-0.7081238054775074
0.5560859074997321
-1.1093468155988888
-0.10865061865438065
-0.24673603336227354
0.4369270695904862
0.284046048242622
-0.6143356212749229
0.6110716902727368
-0.2931568013063646
-1.0145819535843095
-0.5320922346770379
0.4913506919067792
-1.6170482071639707
-0.05602727981960838
-0.18872426136940465
0.4000080984703878
-0.5855074690938238
0.2020721523667542
0.3437095193227638
-0.31341563061189115
-0.13291103148279662
-1.1271738906933788
-0.5442449694461314
0.3740484562458888
-0.40489050106995716
1.2642540735191643
-0.5005732817790358
0.3820435874039977
-0.10432722937249246
-1.3424442648519954
-0.9172192988101404
0.5948543803041735
-1.4157449893404295
-0.3985830747957447
-0.35213070739903013
-0.3750985205556724
-0.23511844648248667
-0.25483973022652845
-0.14211138964703607
-0.3996017803105938
0.458152891673224
-1.283895835558406
0.4846381776710244
0.037095650799024146
0.35929168043402976
0.013600520159998495
-0.37164643946157466
0.2311792278949856
-0.5210351698539911
-1.2576497733931526
-0.825979141745394
0.011717172941206404
-1.0419464721556286
-0.39784359246800843
0.0018783423503323025
0.07742224578527605
-0.08898370779348695
-0.40028848772825176
0.17242148451565611
-0.9959711408165448
0.06836730979415513
-0.354757031095649
0.6342982380559578
0.10377295932163183
-0.17199267280730923
-0.9304697250914665
-0.5053297272889724
0.429448716612843
-0.2768061597632506
-0.15212315188482867
-0.6265831718581116
0.1034251369497417
-1.165899543311565
-0.6080469953414988
0.2730466677804296
0.045012079887766954
-0.2341357108364364
0.24014763127150335
0.053478675949105534
0.07800289810755386
0.4072124403171677
0.05681060466511452
0.13902620862295198
-0.18199355910090553
-0.06649567106961024
0.09473763725004228
-0.37687455160685285
0.11256353276423554
-0.3054396474529027
0.12615413704881964
-0.30389119095155837
-0.07482658593906684
-0.4041409800715593
-0.0135589131798959
-0.4508767319826545
-0.3540304106137902
-0.36915352076977953
-0.5081928723684921
-0.17811702614429656
-0.3737859942945971
-0.3067831739961257
0.07883002771078852
0.11912241853966063
0.26010653499922515
-0.26212601620799386
0.7288594116560781
-0.3989883112274059
-0.3086511646182373
-0.749389015037416
-0.9055677430599228
-0.36074911023562184
-0.1959611230342146
-0.4855492381092747
-0.7951427570092423
0.20195809297361314
0.2684921408270457
-0.1464964265414267
0.14810213775852335
0.16824110833513378
-1.5450194240752524
0.3107969624500976
-0.8738944685131469
0.540752744260763
-0.05193896178525675
-0.03484882253079117
-0.8635825306738322
-1.1039180946139953
0.5497584307685917
-0.1132058745963175
-1.1569406273911276
-1.1269254232816373
0.14913167796799787
-1.5696288013835384
-0.357657519357674
0.08070843322392725
-0.27407654013260746
-0.8500091620790354
-0.3246660982027938
0.2692883784159581
-1.4154664265166998
0.14356103211963456
-0.9616746057164823
0.6401009412738556
-0.7834386254798588
0.5303461479333004
-1.1400415475164598
-0.43510220688970086
0.5095619674910631
-0.51344405721517
-0.8416180530549231
-0.8677758374185548
0.7108616605040811
-1.6557071372753263
-0.7715260388547122
0.37674259012085043
0.04859571456584634
-0.17963430505484573
0.3907536207096192
-0.08447025909336543
-0.8691870484698896
-0.730347748333548
-0.006049331370295187
-0.1425791853881601
-0.44539461283439036
-0.6351282800208501
-0.5547304329995514
-0.5998961989681182
-0.4450766016724246
0.02873199509936612
-0.2593039593601196
0.10280479536262066
-0.5335213016865836
-0.24146879331288743
-0.08563457395983924
-0.615671175119424
0.10876043694165241
-0.5850655040477489
0.11389348488572049
-0.6204735995810637
0.42734603136807564
-0.6781526729632605
0.796152420284221
-0.4020478948316471
-0.12641395551414883
-0.8352393842960539
0.24814746366336182
0.063465143650085
-0.6195208689113898
-0.3825514257951586
-0.01114810844730605
0.6547953837622463
0.07976600636139378
0.7976109853674307
0.14610177333614938
-0.2265677707478982
0.24828063173002204
-0.07178317301630126
-0.032267926455348137
-0.5532117436109597
-0.18424953472826058
-0.25725462426728357
0.3292157169474198
0.4221402435621041
-0.21225697973376803
-0.37821678326271724
-0.23217607249396
0.15792437930814054
0.04734099079186571
0.16631623738662996
-0.152245323524113
-0.014021889315530004
-0.13196523555336342
0.7907526643562646
-0.5123964244355326
-0.10638393848070168
-0.558145372888905
-0.270253997212027
-0.2534033197565145
0.26990332520473154
0.7775987383566043
-0.47488633223127014
0.7121977526248536
-0.609889281157273
0.3215033252725414
-0.22323442420163783
1.171809413700107
1.2495788691785819
-0.542701257031852
0.25765603332230885
0.8585640854386586
1.0433681986617176
-0.37907999320705765
1.6630698817983114
0.2058583863948411
-0.6320983696216873
0.2514614246856393
0.5974369044073629
0.14683276318506996
-0.27976058481513705
1.1702200652525558
-0.6419506967442169
0.581975707925756
0.06472268623825353
0.5903930438898127
0.20986368189873847
0.29167887402696957
0.818117040392218
0.27141071874902395
0.227808581429207
0.6626481028657698
-0.1027557992079483
-0.2787660091431528
0.02719151377972408
-0.06706003613543209
0.1347485585006583
-0.4610712993238726
0.2737896631274773
-0.2332158031319404
-0.49160026517972194
-1.05690605361171
0.3097183922249386
-0.20446991472032114
0.4857170483338978
0.0554916072554362
0.3422603543638097
-0.951877438379786
-0.7756548974247238
0.4798259790115242
-0.46047085542788124
-0.06063235502039176
-0.9449482278099579
-0.07453296022407761
-0.30790263790781075
-0.43410289921923945
0.016797720621010283
-0.36572038097266446
-0.4883882028342421
-0.09676270203871143
-0.022602093416922937
0.5014720155617869
-0.35111006067049805
-0.3350625345699289
-0.20193182905704937
-0.36753542229999037
-0.032224837872713456
-0.181561323972675
-0.08894554439985171
0.11637347341016785
0.31245061082940273
0.276972353154935
0.09903504439828464
-0.4629228180969867
-0.2052840855329066
0.2601131469284437
0.3881554399074466
-0.39147734890500646
-0.08959127727713163
-0.4504726260262251
-0.112733518926887
-0.9429875343889396
0.48695538147471673
-0.8088568081254691
0.6515479586977755
-0.8334757134728952
0.26119993909965916
-1.1661253690789357
-0.6122065474483719
0.32414739741370513
-0.5588549752068535
-0.44895389057615326
-0.26468753654886473
0.5612796805406048
-0.285813062485853
-0.23538016396650063
0.8805002695634904
-0.11430498277015756
-0.7473956115427246
-0.09873099136605677
0.4329104023680649
0.6543604502247368
-0.3962366880216525
0.7048563753139173
0.06698778527086123
0.3466607864674431
-0.0873202085561887
-0.16213691554460424
0.5275717912550303
0.057671444178382096
-0.17891463666181714
0.24013595937282187
0.6607462654309614
0.3604029133142885
1.074018156946318
0.39157843990634145
-0.019605056474139453
9.343852990318099E-4
0.195262477602613
-0.4312333235027047
0.3650412640863993
0.26972707511796107
0.4049511804596465
0.04794770165191505
0.21773119596379414
0.038605848538845494
-0.471625032427365
-0.5630409601370919
0.5328820580528971
-0.6008239457482919
0.5550103652002677
0.39031945054659756
0.858654303914379
-0.24680522166702806
1.2499566041149759
0.1566398468729473
0.3302494386205574
0.15927904854261335
0.550597840039376
-0.1568554364893104
0.2646619051527287
-2.284081951494765
0.1010742470064571
0.16559369005066696
1.6484513514867354
-0.9129825403461558
0.5713264340570301
-2.413107064056091
-1.2982087468945094
0.4051199080783909
-0.019314875527885304
-0.2413419284879731
-0.7319365950434867
0.6940318026278834
-1.0061367627065376
-0.3352184664616859
0.7771797852276405
0.19189495892801756
-0.011472332291173058
0.2815243924080147
0.4417135983722096
-1.7447521526425804
-0.05709826770268179
-0.5604328865883447
1.289805007567067
-1.3329823434046368
0.7287766606655586
-2.2481885931424577
-1.5461863642780085
0.6070091775396287
-0.575671760457515
0.10392386304446052
-0.4110408882580535
0.6515415459400511
-1.393330032831231
0.043213934259241214
0.3476839687752985
0.04441925049350858
-0.8779212157082693
0.12806776012778012
0.5348440736510742
-1.8163063528740213
0.6190100018339214
-0.11673072634729298
1.2208386397142736
-1.079872917062694
0.21161233600037804
-1.969132345223925
-1.8495628062791427
0.367150803636463
0.2207621699241014
0.14069176646906914
-0.32199487511557706
-0.12366295357540626
-0.6372017158292422
0.144324488748232
0.8940259071699257
0.34211902435686015
-0.20313105091906178
-0.04719157188621469
0.8274186483839918
-2.350127602474739
0.24583772988105065
0.15176092389138465
1.0148612018036403
-0.8786804676110316
0.7800677166529695
-2.83351963001602
-2.1813212325226514
0.5758596541698955
-0.6257080183339213
-0.10116982784556712
-1.0352772998611963
0.014038259768404495
-0.2857167657368158
0.061921220260752
1.0761650591378344
-0.030330341380164567
-0.16808162748799269
0.13649006724185117
0.9535927934333088
-1.0473488114118878
-0.143856279199086
-0.022341936250521433
0.36284964676101167
-1.0421862712238137
0.10423633720630308
-1.8433652703991517
-0.74385685041573
-0.30681174346813234
0.06092163933104312
0.3266456455833176
-0.5879366179569645
-0.29852215137542537
0.3152495340215839
0.3146987263554754
0.6024713021317549
0.2852690371564286
-0.39584069913794967
0.017679625767594416
0.126121497990625
-1.865947927739874
0.5709760116454986
0.3932613578828271
1.1208834858961636
-1.1394542139519472
0.5540019486550141
-2.19737215035461
-1.8776572596783978
-0.2786448734670628
0.08252137050051753
0.10372463738075965
-0.12518461836339645
0.4646799912636058
-0.744323923178486
0.2359681717836601
0.5816331495564145
-0.5063740456356601
-0.3063359104185545
-0.4910749232812538
0.012370117118671793
-1.1432544678315941
-0.030012082685828247
-0.07203688000489719
-0.34587487297817915
0.0627740106553925
-0.2794790479995343
-1.056070240229347
-1.1428245426179726
-0.6722404049949519
0.29233479052845995
0.5900398185214266
-0.31944098607647203
0.20952448532027135
0.03168476680135592
-0.39862211633259276
-0.4900165058257864
0.25542705880121896
-0.06504268443318566
-0.6084450984804609
-0.20615852073319446
-0.8931444733665813
0.005157864533181597
0.5283431873740978
0.29118989300636544
-0.583986036355997
-0.3536997571298084
-1.293689785505839
-0.43229416397321135
-0.505991217929298
-0.6251124689673379
0.3565446546262161
-0.6047703915535767
0.04903827455767044
-0.3519936334401868
0.2675142486277804
0.5167734101789734
0.28074406536589513
-0.1404948343934791
0.24053220680360385
0.2623502587023816
-0.5178700086507941
0.2941787738007169
0.4389359568335986
0.5448843279715471
0.025634381029310305
0.24880174993299484
-0.5262501533955058
-0.22393364824942386
0.12897523998269475
0.32777299105095525
0.09474755678470394
-0.46276944992954583
0.31861994572504837
0.5709664231708511
-0.266389345442653
-0.49742007152081613
-0.029143082950140686
-0.2528502707754306
0.03461791712696764
-0.3807126289836793
-1.0861772064529507
0.023106793513231267
-0.42723204988515334
1.1668284129952167
-0.8879254602887587
0.2859403672998156
-2.1370989216252894
-1.4525501901420064
0.5550192217654216
0.30665355153408796
0.6036669752907636
-0.19250330439239713
0.5020466927159952
-0.21403166315860614
-0.5685649881555195
0.8817747864741641
-0.1459086971602941
0.24620236353638858
-0.08483964840355682
0.6373537941418296
0.07491237333074272
-0.5009205388155957
0.0066019978524033485
-0.23664838033843114
0.4598360595777327
-0.33604170864396443
-0.19362015386076362
0.06720847425046968
-0.08533322005200909
0.029014964790073025
0.13293828977039554
0.307857472081596
-0.43476443024017114
0.1103570555014791
0.10117668326087437
-0.5895265368211825
-0.0450831733926228
-0.2966484985712158
-0.5611975963478629
-0.5478051819723642
-0.15327913853189393
-0.5515661781148918
0.025915114660646766
-0.3789388900461114
-0.40341666555399075
-0.23276158775601574
0.06383778281353948
0.029687298540291816
-0.15494421863940622
-0.41255306884596865
-0.6766815513740516
0.055464485931919334
-0.19590742185167254
-0.21993325381860662
-0.5801688739556644
-0.21065651663073362
0.03259067026420118
0.2605010393468761
0.19877614513840636
0.04357997984076577
0.4944822856738484
0.10747978817320045
0.648016518832853
0.07171079547995604
0.8129279111169271
-0.2777124434680923
0.4546474627463146
0.16779733929792987
-0.1616344917826779
-0.2677183414302508
0.062048349281459206
0.06717813899129724
-0.128655905419875
0.9397563778265288
0.23025464935468162
-0.9157922659102101
0.07474000415325457
-0.16469576069076244
0.25540548974437427
0.16432617308496467
-0.4084522413709996
-0.4552396117178191
0.6073922861805627
-0.28910701976123265
-0.15366463609124098
-0.46545767696080376
0.27766556623191435
-0.27890827805579244
-0.4631261454857009
0.48959624810844515
0.06810538378664069
0.5423144915566429
0.06276668387842307
-0.050620080497246076
0.22620417265014095
-0.4463662554627029
0.24046623326123046
0.23345249892886422
0.1429685871808671
-0.30377240426882707
0.0864676061065821
-0.4372416928155762
-0.3789047507832818
0.29359751688580205
0.1757045196982961
0.1885788222653791
-0.30922918166287355
0.13284893750770402
-0.3893127210968139
-0.4589003778576346
0.17798280920659476
-0.37125757858644387
0.22292334999498048
-0.4593993568851989
-0.39310119242273245
-0.44116957520442657
0.1947309206623586
-0.16144576443763292
-0.03194041149049314
-0.45860559893744907
0.2099349747240917
-0.29302957353605064
-0.3821531885878589
0.347791037503561
-0.12983404231716128
0.10062919835360248
-0.2772696605084887
-0.22949159205411107
0.3356946774620168
-0.31365344860553324
-0.38463120267034373
-0.062274372474430906
0.5837054523863648
-0.837443777056421
0.42183902899531656
0.07275345719316628
0.05151667327142515
-0.16555330677963148
0.12115000409320094
0.6354976579382523
0.1226593462466151
0.6029143116597896
-0.252108446161829
0.9834950237388072
-0.23781205071087602
0.48628215270600705
0.3327508029713699
-0.04126199555273115
-0.29218991196357746
0.014393474523403501
-0.333355441371058
-0.1317604941045722
0.6009553083184908
-1.483506988595911
-0.3852637358501387
0.5821388344914181
0.1379294664932231
0.05347849491722304
-0.036560825941075535
-0.27005455430079733
-0.8325095714410142
-0.2655844055149729
-0.7923560996134944
0.20318678646541355
0.4883009239780632
0.1918445636741417
1.410443918905965
-0.362921526962613
0.2341178593179876
-0.7084075840521655
-1.7238758003108017
-0.38182327523476195
0.42007515718743493
-1.5516552161451163
-0.36327444846879975
-0.20836553265662092
-0.34282124590629787
-0.07360948350741116
-0.3366038128819817
0.48471135068170706
0.7875295140730145
0.24198557957545763
0.10332938247521582
-0.118213953268071
0.2701206607576022
-0.5443789113783265
2.4200839166572314
0.2618393612323973
-0.04790882797310933
-0.40310903804298553
-0.6563728733871408
0.3752552664758682
0.24793673655653875
-0.5255407139199216
0.38317833520752526
-0.7421711589816636
-0.028118007262248286
-0.44560810070477924
0.15407716502233443
-0.16224084833402283
0.5460650714232983
0.20688996286879216
-0.5340612604044364
-0.18850655018615498
-0.11357248090412302
0.24800080867300545
-0.3845538562733089
0.6380947953223481
-0.4160154382391658
0.06663123257245476
-0.2330817639794444
-0.3744289121575086
-0.2609686254761295
0.11437376486173036
-0.4143208001829306
-0.08455277394606955
-0.28032058999771586
-0.4741986450845484
-0.5236760191952262
-0.26240225513533294
0.4782302378552985
0.1721852852239081
-0.4975449592486262
0.3303040670847939
-1.0067837753209183
0.4703317275217411
-1.245402014445294
0.2828618236715643
-0.2595699689838447
0.05323834308595017
-0.07471381560261223
-0.015380565767052021
-0.09889509318551323
-0.27564799410081037
-0.1814747576033339
0.9529807303872495
0.091743482009991
-0.26044365717589
0.3595887290428217
0.4696744742108481
-0.9226987597632075
0.845667906870062
-0.08905571406888375
1.078280782501158
-0.8351429685500656
0.6088779334506174
-2.427598136430316
-0.6489324299928514
0.40942732518743113
-0.3104696792469553
0.24644328205632257
-0.8788353095524792
0.24687447839187993
-0.8095568526178277
-0.4388106805469099
1.1287422986922486
0.31065305063969934
-0.05937392318575708
0.42073311420133747
0.6278324233377316
-1.6155373856879078
0.9016441667001932
-0.7533143994834826
1.3232638323046464
-0.8980090995450221
0.41521005899805347
-1.627887335810583
-0.9545161199481785
0.3693736735583486
-0.1492230127717048
-0.31845553391512504
-0.9235129091892643
0.5322292681048956
-0.47788393572722965
-0.5952910309714506
0.6235104547510283
0.3434639030071769
-0.33333055521357496
-0.2962708407574023
1.034688192568335
-0.624658281861549
0.14121511651809632
-0.09954788015195012
-0.01453793900788959
-0.05288919179683967
0.28723312499842824
-1.285919843938017
-0.9990146693147894
0.47931145394582136
-0.47290935990377725
0.00318421652419666
-0.3266846656633287
0.13415630096403905
-0.18458611521795926
-0.5798074799101732
0.6160743427522891
0.3135524920082524
0.22431749972900536
-0.3054803066833524
0.6498793294930953
0.15485750160099915
0.4927168103042235
-0.15575643482735932
-0.04346193210458784
-0.45470609468601186
0.22718854887417106
-1.1532343952453232
-0.30032948987094443
0.3436350950724585
-0.2987581525739464
-0.38490839108167835
-0.40642125335819684
0.43340968493893006
0.3555194059621486
0.01316425773290121
0.2024634875765725
-0.2756518862218301
0.34210433862409917
0.4014790036356745
0.5851687709805687
-0.17075956944448228
-0.36569342488273315
0.4053772282537479
0.657088585410987
-0.3101359759307645
0.19663530592871034
-0.545750026787769
0.04193920860374778
-0.2805129571010668
0.38631272757258944
-0.13161651155472526
0.1424217733255691
0.2617266978174129
-0.33259213443141494
0.055395902713447936
-0.24176289445856022
0.43394068862824353
-0.21874516056593735
-0.44880650576632114
0.161732126986734
-0.5297169336387239
-0.20057062640664708
0.1903586168399612
0.1638017597289222
0.12160935022879525
0.14741821288222112
-0.9857976713411597
-0.16481758794117468
0.2743204138954924
-0.32329925525342884
-0.24292448746017783
0.10819338257057287
0.12035915275749477
0.512251675039952
-0.17134398075959698
0.23401662811080828
0.11129601266135236
0.4407166264698776
0.36433462640897557
0.7124913248373127
0.5047852622108909
0.2878286407361126
0.1193487808492383
0.12791950544929473
0.5804628561094846
-0.3468073411034938
0.4623770148691466
0.8692735274014579
0.03580326211466634
-0.3586681765131547
0.17746149171971443
0.4480429375471054
-0.003202589546184427
0.8152553221152726
0.4903469111646501
-0.01616366741531321
-0.22312296475946883
0.13737498256999237
0.4192642419974242
-0.3980900484811221
1.5459917180869431
-0.6833995594229293
0.26652641414200384
-0.9111134663807023
0.07595234296581842
-0.1439893783788624
1.1324937123444108
1.2092666977930133
-0.11065687023223171
-0.3706247501386008
0.6727353938762123
0.5507058361031225
0.1325175773534949
0.6937431140956386
0.5394432586148167
-0.11305702176128438
0.33018781557089455
0.05902277303093715
-0.39723746481314337
-0.5361207692346167
2.699932329220884
-0.6732613203885603
0.6497099619301656
-0.47882772091075076
0.38857043068458996
-0.838986741455604
2.0027624800647024
1.8757143613806624
-0.37827618248833045
0.3485316697144479
0.15870744691397232
0.5227583125454629
-0.3358208217912053
1.1342930353795995
0.4278743672639056
-0.45842295880308187
-0.22914512761050507
0.5393729592944483
0.011009868093401749
-0.9761864260868174
2.8434585989610928
-0.301952440656316
1.0061459244434545
-1.8857153063789984
1.7392553156892212
-0.5943224366823937
3.602689629753775
2.660717932646
-0.38847621819985395
0.4292866899733048
0.9220886342093997
1.2925552819830486
-0.5465060109575474
3.0227401597422143
0.44165051869316563
-1.663269601439022
0.17934817002317074
0.492972895748818
-0.5906559435854646
-0.9207282102454126
1.1457264784430365
-0.43684625883630734
0.6632670608027744
-0.5956206404795559
0.12096839768603196
-0.45072552803741295
0.585138162450666
1.5625106176943893
-0.6878146499196499
0.5978745839277003
1.1115864257982386
0.710005010256159
-0.8798045710775132
2.5833811990613267
0.5134515281228452
-0.40136241324630784
-0.2515799389041172
0.015017607036431471
-0.20721703636881852
-0.38863390666484154
0.3796807196139793
-0.9394978851186909
0.8243654091339464
-0.4262884322838034
-0.143388344347762
-0.053597548528642014
-0.30223074847231135
0.3977097925970927
-0.841292492940768
-0.10185459750185653
1.0042798297926105
0.85500894079769
-0.5814502656060694
1.2481666449915174
0.4360473432162404
-0.16543694607773934
0.23717332811027717
-0.10220731465943998
0.2074980838857901
-0.8277166812041731
-1.7122590710905012
-0.39068536353965067
-0.25892308209315656
0.9598094999406606
-1.4665781060736207
-0.10865839538778384
-2.0567094990755788
-1.4681498394313837
-0.07643901503506106
0.16874903430889834
0.6730098630144611
-0.8667096475497735
0.5462885376299865
-0.1569318798623846
-0.09534284650343733
0.6262592309899234
0.3578934726918123
-0.6995213521093238
-0.5077023727423516
0.2237795848339642
-1.155861798251666
0.5453578270652142
-0.31019947597156866
0.7848254244707766
-0.8852746763249224
0.2291332381919292
-1.7622265126058188
-1.8720409220346657
-0.02986057262898801
-0.5561162660912368
-0.4155823223012818
-0.29473960871943283
0.6369870875595343
-2.0387559907944146
0.13607481040047983
0.8800680993307227
0.4436856323375218
-0.6389967546046416
0.28929323971783316
0.4304139354670064
-2.191097435580664
0.819977317061427
-0.3042468479343059
1.5417782786366683
-1.1916409435045356
0.6458676570220157
-3.242722556196754
-1.8338652348921214
0.4145584849664382
-0.39651629808667616
-1.1118093168761554
-1.298259197601361
0.9854676164250855
-1.5933634327040198
-0.5011727419145173
1.063800573696692
0.4137901878495221
-0.7587220154388261
0.14318985691639868
0.7426386235332697
0.11468879305004517
0.06377371512323607
-0.007926760988016295
0.39999773060279686
-0.17655334493682387
0.4152674210057813
0.16345417349384114
-0.34035981551601613
0.11958069776463208
-0.15567333708054285
-0.13157138106801206
0.059822279650761354
0.5348845430440681
-0.11493770980389957
0.18544065934517626
-0.2471172126061415
0.5102010327904808
0.03290158185957832
-0.35675685395750545
-0.22272820990253658
-0.2951917353886892
-0.40116203624877755
0.11890503399258429
-0.15981879902827612
-0.270473580655558
0.29380794673652405
-0.3593079876914784
0.3468857598063192
0.15229575891152525
0.4776780730832114
-0.08114924889346764
0.03010822951232467
-0.07546332654120674
0.2659287242830561
0.31860372544317667
0.04911568065117766
0.26921306427936165
-0.00964087963618615
0.23022785699706022
-0.11492857936659873
-0.34343186372378015
0.22245244005514114
-0.056763995604183715
-0.17225291179935887
0.31367718148051593
0.47761994998793217
-0.1255466477433469
-0.05498096512145517
0.3037234032444949
0.007413111005301065
0.36730824765356557
0.34817848004079016
-0.40699306557778764
-0.15362803748121245
-0.2822687668133768
0.1228237441662679
0.003907475510113723
0.051015729312529234
0.28969455559902635
0.05114142477899308
